1376261020 62.273 0
1376261050 14.202 0
1376261080 21.001 -60
1376261110 33.752 0
1376261140 37.450 60
1376261170 26.622 0
1376261200 31.660 61
1376261230 14.075 0
1376261260 27.033 60
1376261290 12.578 -60
1376261320 57.514 -61
1376261350 33.213 61
1376261380 37.356 0
1376261410 13.083 0
1376261440 40.406 0
1376261470 26.733 0
1376261500 40.780 0
1376261530 15.760 0
1376261560 29.096 64
1376261590 39.377 0
1376261620 27.999 62
1376261650 18.355 -62
1376261680 45.292 -61
1376261710 11.184 0
1376261740 39.001 -61
1376261770 30.425 61
1376261800 42.111 0
1376261830 23.997 0
1376261860 40.611 -62
1376261890 41.827 0
1376261920 56.839 62
1376261950 15.183 0
1376261980 30.203 61
1376262010 10000.289 timeout
1376262040 53.358 0
1376262070 16.977 0
1376262100 26.331 61
1376262130 36.781 61
1376262160 38.534 0
1376262190 15.024 0
1376262220 48.812 0
1376262250 12.188 0
1376262280 51.896 0
1376262310 10.721 61
1376262340 41.550 0
1376262370 19.265 0
1376262400 29.402 0
1376262430 29.016 0
1376262460 157.760 0
1376262490 7.159 0
1376262520 70.725 0
1376262550 14.752 0
1376262580 39.321 0
1376262610 11.648 60
1376262640 26.220 0
1376262670 18.586 61
1376262700 38.897 0
1376262730 10.789 0
1376262760 29.819 0
1376262790 10.668 0
1376262820 24.922 0
1376262850 24.686 0
1376262880 36.684 0
1376262910 35.291 0
1376262940 27.435 60
1376262970 11.197 0
1376263000 34.828 0
1376263030 20.342 0
1376263060 48.232 0
1376263090 11.579 0
1376263120 31.415 0
1376263150 10000.327 timeout
1376263180 64.355 0
1376263210 13.429 0
1376263240 27.810 61
1376263270 26.565 0
1376263300 41.919 0
1376263330 14.564 0
1376263360 9.823 0
1376263390 13.399 0
1376263420 39.998 0
1376263450 13.588 0
1376263480 54.591 0
1376263510 18.642 0
1376263540 48.608 0
1376263570 13.927 0
1376263600 26.863 61
1376263630 9.956 0
1376263660 32.593 0
1376263690 24.366 0
1376263720 28.764 62
1376263750 8.638 -62
1376263780 40.099 0
1376263810 37.109 0
1376263840 59.804 0
1376263870 28.303 0
1376263900 35.294 61
1376263930 16.052 0
1376263960 28.775 61
1376263990 12.727 0
1376264020 42.531 -62
1376264050 8.709 0
1376264080 34.267 0
1376264110 30.627 61
1376264140 52.487 0
1376264170 11.090 0
1376264200 41.238 0
1376264230 26.688 0
1376264260 41.945 0
1376264290 13.296 0
1376264320 25.903 61
1376264350 10.295 -61
1376264380 37.870 0
1376264410 38.627 62
1376264440 42.036 -62
1376264470 12.649 -62
1376264500 47.904 0
1376264530 37.027 0
1376264560 35.214 0
1376264590 34.660 0
1376264620 48.545 0
1376264650 11.809 0
1376264680 47.092 0
1376264710 55.814 0
1376264740 38.993 0
1376264770 9.192 64
1376264800 38.553 0
1376264830 10.096 0
1376264860 39.349 0
1376264890 11.860 0
1376264920 52.489 0
