1376261020 16.069 0
1376261050 28.640 0
1376261080 70.612 -60
1376261110 50.310 0
1376261140 24.689 0
1376261170 8.467 0
1376261200 10.533 0
1376261230 14.573 0
1376261260 13.543 0
1376261290 41.500 0
1376261320 57.648 0
1376261350 24.147 0
1376261380 14.032 0
1376261410 12.127 0
1376261440 61.778 0
1376261470 12.136 0
1376261500 11.321 0
1376261530 15.892 0
1376261560 19.956 0
1376261590 42.080 0
1376261620 9.489 0
1376261650 18.046 -62
1376261680 50.943 -61
1376261710 12.012 0
1376261740 33.068 0
1376261770 13.983 0
1376261800 31.604 0
1376261830 12.666 0
1376261860 40.699 -62
1376261890 29.385 0
1376261920 59.178 0
1376261950 15.468 0
1376261980 16.472 0
1376262010 10000.422 timeout
1376262040 13.001 0
1376262070 17.027 0
1376262100 9.788 0
1376262130 22.287 0
1376262160 31.836 0
1376262190 34.117 0
1376262220 56.613 0
1376262250 42.257 0
1376262280 16.692 0
1376262310 33.394 0
1376262340 28.263 0
1376262370 19.196 0
1376262400 12.973 0
1376262430 12.145 0
1376262460 137.051 0
1376262490 22.770 0
1376262520 28.481 0
1376262550 28.498 0
1376262580 11.655 0
1376262610 36.694 0
1376262640 17.509 0
1376262670 33.229 0
1376262700 14.228 0
1376262730 11.780 0
1376262760 43.607 0
1376262790 25.517 0
1376262820 21.551 0
1376262850 27.920 0
1376262880 15.236 0
1376262910 10000.912 timeout
1376262940 32.634 0
1376262970 29.715 0
1376263000 40.332 -60
1376263030 20.187 0
1376263060 12.849 0
1376263090 11.570 0
1376263120 18.269 0
1376263150 91.046 0
1376263180 36.058 0
1376263210 13.251 0
1376263240 11.811 0
1376263270 13.078 0
1376263300 9.972 0
1376263330 14.601 0
1376263360 38.577 0
1376263390 12.609 0
1376263420 35.465 0
1376263450 13.446 0
1376263480 9.769 0
1376263510 35.737 0
1376263540 25.604 0
1376263570 32.007 0
1376263600 22.935 0
1376263630 27.420 0
1376263660 18.300 0
1376263690 9.382 0
1376263720 27.036 0
1376263750 28.014 0
1376263780 36.833 0
1376263810 21.716 0
1376263840 11.285 0
1376263870 12.515 0
1376263900 27.603 0
1376263930 32.420 0
1376263960 10.588 0
1376263990 12.453 0
1376264020 40.080 -62
1376264050 9.915 0
1376264080 13.728 0
1376264110 19.711 0
1376264140 21.172 0
1376264170 13.880 0
1376264200 9.581 0
1376264230 9.149 0
1376264260 13.708 0
1376264290 32.847 0
1376264320 18.818 0
1376264350 76.193 -61
1376264380 17.690 0
1376264410 12.536 0
1376264440 34.979 0
1376264470 26.196 0
1376264500 34.303 0
1376264530 43.242 0
1376264560 65.850 0
1376264590 20.550 0
1376264620 27.162 0
1376264650 30.085 0
1376264680 10000.300 timeout
1376264710 28.713 0
1376264740 13.223 0
1376264770 9.110 0
1376264800 38.201 0
1376264830 10.155 0
1376264860 31.999 0
1376264890 11.985 0
1376264920 52.438 0
1376270578 44.327 0
1376270608 37.053 0
1376270638 10.151 0
1376270668 33.638 0
1376270698 13.016 0
