1376261020 67.470 0
1376261050 14.760 0
1376261080 22.139 -60
1376261110 33.730 0
1376261140 36.585 60
1376261170 26.157 0
1376261200 31.309 61
1376261230 14.132 0
1376261260 26.764 60
1376261290 25.403 -60
1376261320 56.963 -61
1376261350 32.921 61
1376261380 37.399 0
1376261410 12.552 0
1376261440 39.417 0
1376261470 29.868 0
1376261500 39.752 0
1376261530 15.508 0
1376261560 28.463 64
1376261590 39.493 0
1376261620 27.843 62
1376261650 18.070 -62
1376261680 44.980 -61
1376261710 11.664 0
1376261740 38.784 -61
1376261770 30.019 61
1376261800 42.075 0
1376261830 27.924 0
1376261860 40.204 -62
1376261890 41.552 0
1376261920 56.407 62
1376261950 15.145 0
1376261980 30.056 61
1376262010 10000.378 timeout
1376262040 52.941 0
1376262070 14.888 0
1376262100 26.301 61
1376262130 36.364 61
1376262160 38.282 0
1376262190 14.665 0
1376262220 48.086 0
1376262250 19.572 0
1376262280 51.821 0
1376262310 13.238 61
1376262340 41.172 0
1376262370 19.047 0
1376262400 28.836 0
1376262430 28.864 0
1376262460 157.577 0
1376262490 7.565 0
1376262520 70.185 0
1376262550 20.421 0
1376262580 39.004 0
1376262610 12.110 60
1376262640 27.182 0
1376262670 18.924 61
1376262700 38.165 0
1376262730 11.971 0
1376262760 31.275 0
1376262790 11.086 0
1376262820 32.362 0
1376262850 26.926 0
1376262880 36.508 0
1376262910 36.724 0
1376262940 29.178 60
1376262970 13.836 0
1376263000 34.376 0
1376263030 20.328 0
1376263060 47.902 0
1376263090 11.681 0
1376263120 31.039 0
1376263150 120.907 0
1376263180 63.611 0
1376263210 14.823 0
1376263240 23.926 61
1376263270 33.246 0
1376263300 47.171 0
1376263330 14.628 0
1376263360 9.575 0
1376263390 12.981 0
1376263420 39.099 0
1376263450 13.483 0
1376263480 58.885 0
1376263510 18.297 0
1376263540 48.171 0
1376263570 13.745 0
1376263600 38.633 61
1376263630 10.008 0
1376263660 32.574 0
1376263690 24.042 0
1376263720 28.474 62
1376263750 8.410 -62
1376263780 40.029 0
1376263810 36.833 0
1376263840 59.133 0
1376263870 26.266 0
1376263900 35.145 61
1376263930 16.146 0
1376263960 28.371 61
1376263990 12.469 0
1376264020 42.014 -62
1376264050 9.984 0
1376264080 33.574 0
1376264110 28.673 61
1376264140 52.282 0
1376264170 11.122 0
1376264200 41.048 0
1376264230 26.346 0
1376264260 41.609 0
1376264290 13.414 0
1376264320 36.755 61
1376264350 16.721 -61
1376264380 37.261 0
1376264410 38.259 62
1376264440 41.613 -62
1376264470 12.789 -62
1376264500 46.978 0
1376264530 36.355 0
1376264560 34.903 0
1376264590 36.966 0
1376264620 48.159 0
1376264650 11.648 0
1376264680 46.927 0
1376264710 55.887 0
1376264740 38.408 0
1376264770 9.255 64
1376264800 25.633 0
1376264830 9.960 0
1376264860 38.902 0
1376264890 12.087 0
1376264920 51.863 0
1376270578 28.409 0
1376270608 57.654 0
1376270638 26.340 0
1376270668 50.717 -61
1376270698 28.156 0
1376270728 50.214 0
1376270758 14.339 0
1376270788 41.294 -60
1376270818 25.933 60
1376270848 38.171 0
1376270878 47.056 0
1376270908 62.651 0
1376270938 21.945 0
1376270968 29.194 60
1376270998 34.131 0
1376271028 35.957 -60
1376271058 11.636 0
1376271088 52.466 -61
1376271118 30.247 61
1376271148 39.307 0
1376271178 20.676 0
1376271208 66.664 0
1376271238 32.113 0
1376271268 34.078 -60
1376271298 30.590 0
1376271328 39.598 -61
1376271358 12.178 -61
1376271388 35.610 -61
1376271418 20.875 0
1376271448 24.313 0
1376271478 24.282 0
1376271508 35.446 0
1376271538 15.005 0
1376271568 37.050 -61
1376271598 17.928 0
1376271628 46.980 -61
1376271658 65.571 0
1376271688 47.995 0
1376271718 14.147 0
1376271748 44.096 0
1376271778 15.173 0
1376271808 36.256 0
1376271838 17.763 0
1376271868 47.722 0
1376271898 16.942 0
1376271928 38.720 0
1376271958 60.720 0
1376271988 44.015 0
1376272018 12.883 -61
1376272048 35.120 0
1376272078 10.201 -61
1376272108 52.694 0
1376272138 11.127 0
1376272168 48.531 0
1376272198 17.012 0
1376272228 38.623 -60
1376272258 59.328 0
1376272288 36.657 -60
1376272318 20.833 0
1376272348 32.102 60
1376272378 25.900 60
1376272408 44.066 0
1376272438 18.716 0
1376272468 28.470 61
1376272498 12.098 0
1376272528 40.009 -60
1376272558 17.782 -60
1376272588 37.708 -61
1376272618 58.247 0
1376272648 49.849 -60
1376272678 9.470 0
1376272708 32.519 0
1376272738 27.398 62
1376272768 40.227 0
1376272798 15.104 0
1376272828 35.166 0
1376272858 29.432 -61
1376272888 35.609 0
1376272918 13.324 0
1376272948 34.153 0
1376272978 11.721 0
1376273008 44.571 0
1376273038 15.155 0
1376273068 58.630 0
1376273098 10.646 0
1376273128 16.622 0
1376273158 20.877 0
1376273188 31.447 0
1376273218 17.275 0
1376273248 33.055 0
1376273278 20.525 0
1376273308 39.965 0
1376273338 13.905 0
1376273368 28.481 0
1376273398 30.710 0
1376273428 62.083 0
1376273458 15.452 0
1376273488 41.674 0
1376273518 10.993 0
1376273548 46.477 0
1376273578 9.937 0
1376273608 38.960 0
1376273638 9.385 0
1376273668 72.244 0
1376273698 12.723 0
1376273728 48.982 0
1376273758 27.404 0
1376273788 54.099 -62
1376273818 30.419 0
1376273848 44.068 0
1376273878 13.511 0
1376273908 33.199 0
1376273938 14.679 -61
1376273968 59.095 0
1376273998 9.928 0
1376274028 58.634 0
1376274058 25.333 0
1376274088 36.493 61
1376274118 16.262 0
1376274148 40.095 61
1376274178 18.866 0
1376274208 45.097 0
1376274238 27.017 0
1376274268 45.212 0
1376274298 17.334 0
1376274328 55.902 -60
1376274358 22.202 0
1376274388 12.403 0
1376274418 13.434 -61
1376274448 12.476 0
1376274478 62.352 0
1376274508 16.506 0
1376274538 47.665 60
1376274568 41.525 -61
1376274598 46.247 0
1376274628 13.272 0
1376274658 20.744 0
1376274688 48.816 -61
1376274718 44.570 0
1376274748 11.663 0
1376274778 35.909 0
1376274808 37.772 -60
1376274838 37.682 -60
1376274868 27.824 0
1376274898 14.223 0
1376274928 39.749 -60
1376274958 29.332 0
1376274988 43.671 -61
1376275018 35.775 0
1376275048 25.577 62
1376275078 77.195 0
1376275108 46.564 -61
1376275138 49.258 -61
1376275168 18.372 0
1376275198 30.825 60
1376275228 48.205 -61
1376275258 41.038 0
1376275288 38.344 -61
1376275318 25.774 0
1376275348 24.075 60
1376275378 16.589 0
1376275408 37.692 -61
1376275438 40.998 -61
1376275468 10.103 0
1376275498 10000.187 timeout
1376275528 64.507 0
1376275558 32.734 0
1376275588 27.496 0
1376275618 29.257 0
1376275648 14.719 0
1376275678 59.847 0
1376275708 12.497 0
1376275738 12.037 -60
1376275768 21.937 0
1376275798 29.374 0
1376275828 60.430 0
1376275858 44.435 0
1376275888 21.138 0
1376275918 25.702 0
1376275948 18.097 0
1376275978 13.719 0
1376276008 46.553 -60
1376276038 25.548 60
1376276068 46.633 0
1376276098 9.043 0
1376276128 34.731 0
1376276158 30.992 0
1376276188 14.117 -60
1376276218 20.041 61
1376276248 9.557 0
1376276278 15.686 0
1376276308 35.384 0
1376276338 33.696 -61
1376276368 43.850 0
1376276398 28.663 0
1376276428 8.362 -63
1376276458 37.061 -62
1376276488 41.990 -62
1376276518 48.436 63
1376276548 52.147 0
1376276578 11.346 0
1376276608 9.460 0
1376276638 11.971 0
1376276668 11.994 0
1376276698 58.273 -60
1376276728 12.246 -60
1376276758 1644.437 -61
1376276801 9.789 0
1376276831 38.416 -62
1376276930 37.185 0
1376276960 12.976 0
1376276990 25.481 61
1376277020 14.619 0
1376277050 41.085 0
1376277080 31.507 0
1376277110 34.530 0
1376277140 11.161 0
1376277170 61.622 -61
1376277200 10000.375 timeout
1376277230 28.149 0
1376277260 42.880 61
1376277290 31.918 0
1376277320 42.308 0
1376277350 36.343 0
1376277380 9.068 0
1376277410 37.292 0
1376277440 18.990 0
1376277470 35.016 0
1376277500 12.211 0
1376277530 82.728 -61
1376277560 58.047 -62
1376277590 36.437 0
1376277620 65.605 -61
1376277650 55.605 0
1376277680 27.995 0
1376277710 33.369 0
1376277740 34.629 0
1376277770 46.163 0
1376277800 28.705 0
1376277937 17.997 0
1376277981 10000.546 timeout
1376278011 23.081 0
1376278041 48.412 -61
1376278071 10000.135 timeout
1376278101 80.488 0
1376278131 26.573 0
1376278161 15.423 60
1376278191 9.573 0
1376278221 28.276 62
1376278251 30.428 0
1376278281 19.003 0
1376278311 24.612 0
1376278341 29.745 0
1376278371 37.554 0
1376278401 44.528 -60
1376278431 33.805 0
1376278461 36.950 0
1376278491 30.090 0
1376278521 43.692 -62
1376278551 74.615 0
1376278581 24.740 0
1376278611 41.702 -61
1376278641 10000.276 timeout
1376278671 48.046 0
1376278701 34.111 0
1376278731 16.390 0
1376278761 26.767 61
1376278791 10.538 0
1376278821 49.312 60
1376278851 15.705 0
1376278881 69.750 -61
1376278911 53.485 -61
1376278941 19.571 0
1376278971 33.885 0
1376279001 26.093 -60
1376279031 37.603 60
1376279061 52.309 0
1376279091 27.668 0
1376279121 33.547 -60
1376279151 31.804 0
1376279181 41.615 0
1376279211 30.041 0
1376279241 10000.324 timeout
1376279271 20.844 0
1376279301 51.529 -60
1376279331 44.933 0
1376279361 57.428 0
1376279391 43.718 60
1376279421 50.581 0
1376279451 21.221 0
1376279481 63.471 0
1376279511 44.605 0
1376279541 84.409 0
1376279571 36.892 -61
1376279601 13.632 0
1376279631 28.195 60
1376279661 7.633 0
1376279691 37.216 0
1376279721 9.566 0
1376279751 32.995 -60
1376279781 38.827 0
1376279811 35.163 -60
1376279841 45.570 0
1376279871 39.428 61
1376279901 159.345 0
1376279931 65.613 -60
1376279961 84.711 -60
1376279991 10000.201 timeout
1376280021 10000.374 timeout
1376280051 150.027 0
1376280081 80.383 0
1376280111 10000.304 timeout
1376280141 62.887 0
1376280171 118.924 -61
1376280201 36.716 0
1376280231 102.301 -60
1376280261 108.693 0
1376280291 147.088 0
1376280321 336.731 0
1376280351 10000.188 timeout
1376280381 93.356 60
1376280411 36.948 60
1376280441 42.839 0
1376280471 76.608 -60
1376280501 54.422 0
1376280531 12.664 0
1376280561 69.467 0
1376280591 40.660 0
1376280621 21.637 60
1376280651 51.432 0
1376280681 79.430 -61
1376280711 108.414 -60
1376280741 71.051 60
1376280771 34.031 -60
1376280801 34.582 0
1376280831 88.262 0
1376280861 31.831 0
1376280891 49.212 0
1376280921 104.910 0
1376280951 107.156 0
1376280981 10000.280 timeout
1376281011 72.003 0
1376281041 64.532 -60
1376281071 155.257 -61
1376281101 237.475 -61
1376281131 111.253 -61
1376281161 46.953 60
1376281191 129.398 0
1376281221 157.471 -60
1376281251 101.847 60
1376281281 136.703 0
1376281311 109.628 -60
1376281341 93.417 0
1376281371 169.630 0
1376281401 24.374 0
1376281431 13.825 0
1376281461 39.362 0
1376281491 41.173 0
1376281521 37.436 -60
1376281551 25.488 0
1376281581 33.719 61
1376281611 87.738 61
1376281641 55.959 0
1376281671 85.618 -60
1376281701 10000.256 timeout
1376281731 10000.263 timeout
1376281761 99.580 0
1376281791 89.360 0
1376281821 41.288 0
1376281851 138.098 0
1376281881 118.753 0
1376281911 96.466 0
1376281941 97.383 -61
1376281971 68.146 0
1376282001 23.461 60
1376282031 104.496 -61
1376282061 10000.304 timeout
1376282091 83.934 0
1376282121 116.879 -60
1376282151 123.673 0
1376282181 41.206 0
1376282211 67.238 0
1376282241 134.956 0
1376282271 162.809 0
1376282301 67.647 0
1376282331 10000.341 timeout
1376282361 10.386 0
1376282391 10000.191 timeout
1376282421 10000.239 timeout
1376282451 185.959 -60
1376282481 17.440 -60
1376282511 35.681 61
1376282541 189.658 0
1376282571 196.862 0
1376282601 164.815 0
1376282631 10000.180 timeout
1376282661 149.593 -61
1376282691 357.741 0
1376282721 60.738 0
1376282751 231.591 0
1376282781 176.116 -1376282733
1376282811 126.995 -60
1376282841 10000.155 timeout
1376282871 250.184 0
1376282901 80.500 -61
1376282931 22.339 -61
1376282961 391.978 0
1376282991 122.433 0
1376283021 117.179 0
1376283051 104.084 60
1376283081 10000.172 timeout
1376283111 149.897 0
1376283141 143.670 0
1376283171 109.931 -62
1376283201 225.353 -62
1376283231 107.861 -62
1376283261 49.326 61
1376283291 31.504 0
1376283321 10000.172 timeout
1376283351 301.290 -60
1376283381 210.023 0
1376283411 131.036 0
1376283441 76.251 -60
1376283471 66.019 60
1376283501 181.866 0
1376283531 214.020 0
1376283561 144.871 -61
1376283591 95.552 -60
1376283621 316.574 -60
1376283651 207.722 -60
1376283681 253.360 0
1376283711 30.704 0
1376283741 59.023 -60
1376283771 285.463 -60
1376283801 16.687 -60
1376283831 33.317 -60
1376283861 217.955 0
1376283891 133.546 0
1376283921 230.111 60
1376283951 64.863 0
1376283981 211.455 -60
1376284011 155.965 0
1376284041 203.660 -61
1376284071 53.675 0
1376284101 95.528 -60
1376284131 28.932 60
1376284161 12.853 0
1376284191 94.017 -61
1376284221 28.218 -61
1376284251 33.548 0
1376284281 62.881 60
1376284311 31.963 60
1376284341 44.285 -60
1376284371 81.734 60
1376284401 30.630 -60
1376284431 94.278 -60
1376284461 13.217 0
1376284491 28.545 0
1376284521 58.995 0
1376284551 55.572 0
1376284581 10000.176 timeout
1376284611 28.923 -61
1376284641 108.758 0
1376284671 9.786 0
1376284701 13.066 0
1376284731 122.333 -60
1376284761 195.623 0
1376284791 49.176 0
1376284821 43.473 0
1376284851 11.517 0
1376284881 65.171 0
1376284911 156.179 0
1376284941 147.349 0
1376284971 26.259 0
1376285001 98.288 -60
1376285031 53.222 -61
1376285061 123.589 -61
1376285091 105.717 0
1376285121 10000.147 timeout
1376285151 201.742 -60
1376285181 110.902 0
1376285211 39.974 0
1376285241 42.047 -60
1376285271 34.000 -60
1376285301 14.621 60
1376285331 10000.131 timeout
1376285361 130.021 0
1376285391 96.864 -61
1376285421 429.395 0
1376285451 35.425 0
1376285481 285.348 -60
1376285511 45.177 0
1376285541 160.929 0
1376285571 131.727 0
1376285601 70.758 0
1376285631 130.613 -60
1376285661 311.306 0
1376285691 55.424 0
1376285721 87.753 -60
1376285751 148.674 0
1376285781 382.185 0
1376285811 154.358 0
1376285841 10000.286 timeout
1376285871 136.242 0
1376285901 55.306 0
1376285931 268.572 -60
1376285961 70.047 0
1376285991 106.722 0
1376286021 195.535 0
1376286051 10000.384 timeout
1376286081 26.247 0
1376286111 77.588 -60
1376286141 218.926 -60
1376286171 191.321 -61
1376286201 57.348 61
1376286231 34.034 -60
1376286261 51.228 0
1376286291 32.243 0
1376286321 195.245 -60
1376286351 79.823 0
1376286381 43.432 0
1376286411 287.491 0
1376286441 66.223 -60
1376286471 24.089 0
1376286501 54.538 0
1376286531 92.328 -60
1376286561 10000.278 timeout
1376286591 228.904 -60
1376286621 165.621 -60
1376286651 174.987 0
1376286681 10000.264 timeout
1376286711 10000.218 timeout
1376286741 330.722 -60
1376286771 267.094 0
1376286801 71.722 0
1376286831 215.626 0
1376286861 209.063 0
1376286891 251.686 -61
1376286921 114.030 0
1376286951 289.441 -60
1376286981 219.375 0
1376287011 231.836 0
1376287041 142.137 0
1376287071 192.380 -60
1376287101 193.551 -60
1376287131 150.676 0
1376287161 232.854 0
1376287191 204.573 0
1376287221 193.995 0
1376287251 75.234 -60
1376287281 228.158 61
1376287311 23.026 0
1376287341 24.224 0
1376287371 101.247 -60
1376287401 117.690 0
1376287431 95.573 0
1376287461 10000.131 timeout
1376287491 147.887 0
1376287521 410.485 -60
1376287551 85.802 0
1376287581 295.320 -61
1376287611 119.441 0
1376287641 22.043 0
1376287671 241.766 0
1376287701 29.159 0
1376287731 146.200 -60
1376287761 211.669 0
1376287791 10000.192 timeout
1376287821 10000.223 timeout
1376287851 131.318 0
1376287881 95.116 0
1376287911 300.383 0
1376287941 81.318 0
1376287971 155.503 0
1376288001 97.404 0
1376288031 20.517 0
1376288061 135.265 0
1376288091 10000.185 timeout
1376288121 156.911 -60
1376288151 215.089 0
1376288181 19.050 0
1376288211 101.700 0
1376288241 93.486 0
1376288271 10000.187 timeout
1376288301 146.605 0
1376288331 124.741 -62
1376288361 247.104 0
1376288391 23.588 0
1376288421 60.894 0
1376288451 7.286 0
1376288481 8.944 60
1376288511 23.293 0
1376288541 99.779 0
1376288571 86.123 0
1376288601 8.993 0
1376288631 136.629 -60
1376288661 64.344 0
1376288691 25.546 0
1376288721 292.515 0
1376288751 83.093 0
1376288781 43.910 -60
1376288811 33.773 0
1376288841 110.920 -60
1376288871 54.872 -60
1376288901 46.277 0
1376288931 31.859 -60
1376288961 24.612 0
1376288991 54.221 0
1376289021 48.956 0
1376289051 59.382 0
1376289081 88.357 60
1376289111 53.408 0
1376289141 35.077 0
1376289171 42.619 -61
1376289201 38.915 -60
1376289231 37.104 -60
1376289261 37.075 -60
1376289291 41.087 0
1376289321 58.089 -60
1376289351 245.264 0
1376289381 44.342 0
1376289411 23.732 61
1376289441 242.950 0
1376289471 42.317 0
1376289501 61.054 0
1376289531 38.561 -60
1376289561 9.421 0
1376289591 110.831 -60
1376289621 10000.165 timeout
1376289651 191.855 0
1376289681 42.609 0
1376289711 9.128 0
1376289741 10000.173 timeout
1376289771 43.753 0
1376289801 107.791 0
1376289831 186.326 0
1376289861 82.127 -60
1376289891 122.006 0
1376289921 224.633 -61
1376289951 30.875 61
1376289981 44.182 0
1376290011 61.852 -61
1376290041 11.193 60
1376290071 61.694 60
1376290101 201.453 -61
1376290131 10000.179 timeout
1376290161 8.582 0
1376290191 10000.235 timeout
1376290221 110.294 0
1376290251 248.758 0
1376290281 11.315 0
1376290311 48.855 0
1376290341 267.966 0
1376290371 110.660 0
1376290401 8.861 60
1376290431 180.963 0
1376290461 66.551 0
1376290491 32.475 -60
1376290521 289.447 0
1376290551 267.726 0
1376290581 113.610 -60
1376290611 144.063 0
1376290641 98.562 0
1376290671 23.722 0
1376290701 273.219 -60
1376290731 596.062 0
1376290761 19.688 0
1376290791 275.782 0
1376290821 222.798 -61
1376290851 461.335 0
1376290881 296.386 0
1376290911 234.138 0
1376290941 377.282 0
1376290971 68.540 0
1376291001 10.916 0
1376291031 295.457 0
1376291061 326.273 0
1376291091 240.574 0
1376291121 235.028 0
1376291151 367.586 0
1376291181 325.810 0
1376291211 133.911 0
1376291241 303.383 0
1376291271 452.489 -61
1376291301 404.724 -61
1376291331 121.346 0
1376291361 47.267 61
1376291391 497.311 0
1376291421 380.485 0
1376291451 355.336 0
1376291481 83.987 -62
1376291511 10000.331 timeout
1376291541 383.035 0
1376291571 385.738 0
1376291601 576.159 0
1376291631 176.155 0
1376291661 133.481 -62
1376291691 300.794 0
1376291721 134.667 0
1376291751 347.788 -61
1376291781 27.131 0
1376291811 240.298 0
1376291841 223.774 0
1376291871 311.996 -62
1376291901 10000.218 timeout
1376291931 25.913 0
1376291961 65.587 0
1376291991 10.619 0
1376292021 200.758 -62
1376292051 509.207 -62
1376292081 29.757 0
1376292111 32.753 0
1376292141 143.072 0
1376292171 486.618 0
1376292201 137.430 0
1376292231 260.221 0
1376292261 267.781 0
1376292291 161.582 -60
1376292321 422.360 0
1376292351 10000.382 timeout
