1376261020 62.358 0
1376261050 14.328 0
1376261080 22.217 -60
1376261110 33.844 0
1376261140 36.723 60
1376261170 26.294 0
1376261200 31.708 61
1376261230 14.132 0
1376261260 26.887 60
1376261290 24.948 -60
1376261320 57.144 -61
1376261350 33.033 61
1376261380 37.525 0
1376261410 12.585 0
1376261440 39.915 0
1376261470 29.920 0
1376261500 40.223 0
1376261530 15.722 0
1376261560 28.539 64
1376261590 39.403 0
1376261620 28.307 62
1376261650 18.418 -62
1376261680 44.901 -61
1376261710 11.732 0
1376261740 39.159 -61
1376261770 30.145 61
1376261800 42.007 0
1376261830 23.592 0
1376261860 40.791 -62
1376261890 41.873 0
1376261920 56.523 62
1376261950 15.257 0
1376261980 30.223 61
1376262010 10000.497 timeout
1376262040 53.152 0
1376262070 16.870 0
1376262100 26.328 61
1376262130 36.238 61
1376262160 38.436 0
1376262190 14.740 0
1376262220 48.645 0
1376262250 19.641 0
1376262280 51.893 0
1376262310 10.569 61
1376262340 41.236 0
1376262370 19.143 0
1376262400 28.989 0
1376262430 29.314 0
1376262460 157.570 0
1376262490 7.334 0
1376262520 70.796 0
1376262550 14.792 0
1376262580 39.435 0
1376262610 11.617 60
1376262640 26.075 0
1376262670 18.830 61
1376262700 31.063 0
1376262730 12.091 0
1376262760 31.341 0
1376262790 10.590 0
1376262820 24.771 0
1376262850 24.758 0
1376262880 36.271 0
1376262910 35.677 0
1376262940 29.511 60
1376262970 13.905 0
1376263000 34.677 0
1376263030 19.955 0
1376263060 48.098 0
1376263090 11.819 0
1376263120 30.986 0
1376263150 10000.415 timeout
1376263180 64.165 0
1376263210 13.524 0
1376263240 27.679 61
1376263270 31.153 0
1376263300 41.146 0
1376263330 14.721 0
1376263360 9.626 0
1376263390 13.525 0
1376263420 39.521 0
1376263450 13.934 0
1376263480 61.707 0
1376263510 18.777 0
1376263540 48.511 0
1376263570 13.821 0
1376263600 38.678 61
1376263630 9.927 0
1376263660 32.660 0
1376263690 58.971 0
1376263720 28.635 62
1376263750 8.471 -62
1376263780 40.208 0
1376263810 37.150 0
1376263840 57.126 0
1376263870 27.978 0
1376263900 35.134 61
1376263930 15.969 0
1376263960 28.823 61
1376263990 12.534 0
1376264020 42.344 -62
1376264050 9.922 0
1376264080 33.944 0
1376264110 30.600 61
1376264140 52.468 0
1376264170 11.050 0
1376264200 41.050 0
1376264230 26.201 0
1376264260 42.065 0
1376264290 13.238 0
1376264320 36.862 61
1376264350 16.719 -61
1376264380 37.430 0
1376264410 32.418 62
1376264440 42.000 -62
1376264470 12.762 -62
1376264500 47.579 0
1376264530 36.483 0
1376264560 35.427 0
1376264590 39.922 0
1376264620 48.226 0
1376264650 11.321 0
1376264680 47.498 0
1376264710 55.734 0
1376264740 38.879 0
1376264770 9.099 64
1376264800 25.837 0
1376264830 10.462 0
1376264860 38.796 0
1376264890 12.250 0
1376264920 52.173 0
