1376261020 57.153 0
1376261050 14.661 0
1376261080 52.189 -60
1376261110 34.013 0
1376261140 36.963 60
1376261170 26.851 0
1376261200 21.172 61
1376261230 14.282 0
1376261260 27.666 60
1376261290 12.791 -60
1376261320 58.149 -61
1376261350 33.317 61
1376261380 38.076 0
1376261410 12.315 0
1376261440 40.203 0
1376261470 26.302 0
1376261500 40.796 0
1376261530 15.822 0
1376261560 28.876 64
1376261590 39.822 0
1376261620 27.698 62
1376261650 18.519 -62
1376261680 46.070 -61
1376261710 9.596 0
1376261740 40.025 -61
1376261770 30.749 61
1376261800 42.444 0
1376261830 24.358 0
1376261860 41.288 -62
1376261890 10020.976 timeout
1376261920 57.432 62
1376261950 14.799 0
1376261980 30.843 61
1376262010 10000.216 timeout
1376262040 53.423 0
1376262070 16.869 0
1376262100 27.223 61
1376262130 36.857 61
1376262160 38.830 0
1376262190 15.105 0
1376262220 49.267 0
1376262250 9.172 0
1376262280 52.262 0
1376262310 10.764 61
1376262340 41.735 0
1376262370 19.368 0
1376262400 29.777 0
1376262430 29.591 0
1376262460 158.086 0
1376262490 5.876 0
1376262520 70.975 0
1376262550 8.896 0
1376262580 39.659 0
1376262610 11.372 60
1376262640 26.585 0
1376262670 17.131 61
1376262700 23.603 0
1376262730 10.584 0
1376262760 30.277 0
1376262790 10.748 0
1376262820 25.159 0
1376262850 16.412 0
1376262880 37.237 0
1376262910 36.000 0
1376262940 28.052 60
1376262970 6.437 0
1376263000 34.938 0
1376263030 13.949 0
1376263060 48.583 0
1376263090 11.821 0
1376263120 25.841 0
1376263150 102.161 0
1376263180 64.379 0
1376263210 11.701 0
1376263240 28.654 61
1376263270 26.591 0
1376263300 42.122 0
1376263330 8.542 0
1376263360 9.936 0
1376263390 10.136 0
1376263420 40.250 0
1376263450 9.624 0
1376263480 77.459 0
1376263510 18.758 0
1376263540 48.765 0
1376263570 13.697 0
1376263600 26.977 61
1376263630 9.390 0
1376263660 26.061 0
1376263690 24.108 0
1376263720 29.876 62
1376263750 7.826 -62
1376263780 40.346 0
1376263810 37.196 0
1376263840 57.845 0
1376263870 22.427 0
1376263900 36.066 61
1376263930 14.920 0
1376263960 29.546 61
1376263990 12.496 0
1376264020 42.635 -62
1376264050 9.104 0
1376264080 34.416 0
1376264110 31.184 61
1376264140 52.602 0
1376264170 11.310 0
1376264200 41.583 0
1376264230 27.074 0
1376264260 42.163 0
1376264290 13.276 0
1376264320 24.073 61
1376264350 10.529 -61
1376264380 37.916 0
1376264410 33.046 62
1376264440 42.279 -62
1376264470 12.575 -62
1376264500 47.706 0
1376264530 36.366 0
1376264560 36.117 0
1376264590 34.997 0
1376264620 48.520 0
1376264650 11.575 0
1376264680 47.741 0
1376264710 56.544 0
1376264740 39.540 0
1376264770 8.176 64
1376264800 38.932 0
1376264830 9.551 0
1376264860 39.596 0
1376264890 12.204 0
1376264920 53.144 0
1376270578 28.516 0
1376270608 58.938 0
1376270638 27.340 0
1376270668 51.535 -61
1376270698 22.632 0
1376270728 50.717 0
1376270758 14.123 0
1376270788 41.478 -60
1376270818 27.545 60
1376270848 38.881 0
1376270878 47.625 0
1376270908 63.001 0
