1376261020 62.892 0
1376261050 14.576 0
1376261080 17.309 -60
1376261110 33.903 0
1376261140 37.533 60
1376261170 26.711 0
1376261200 21.283 61
1376261230 14.139 0
1376261260 27.141 60
1376261290 12.817 -60
1376261320 58.294 -61
1376261350 33.367 61
1376261380 37.719 0
1376261410 12.298 0
1376261440 40.493 0
1376261470 26.333 0
1376261500 40.851 0
1376261530 15.768 0
1376261560 28.676 64
1376261590 40.122 0
1376261620 27.341 62
1376261650 18.317 -62
1376261680 45.583 -61
1376261710 11.254 0
1376261740 40.055 -61
1376261770 30.452 61
1376261800 42.634 0
1376261830 24.050 0
1376261860 40.477 -62
1376261890 42.316 0
1376261920 58.095 62
1376261950 15.181 0
1376261980 30.766 61
1376262010 79.611 0
1376262040 53.436 0
1376262070 16.902 0
1376262100 26.733 61
1376262130 36.875 61
1376262160 39.211 0
1376262190 15.101 0
1376262220 49.272 0
1376262250 10.673 0
1376262280 52.273 0
1376262310 10.638 61
1376262340 41.598 0
1376262370 19.416 0
1376262400 29.311 0
1376262430 29.447 0
1376262460 158.194 0
1376262490 7.244 0
1376262520 71.192 0
1376262550 15.107 0
1376262580 39.671 0
1376262610 11.701 60
1376262640 26.545 0
1376262670 17.071 61
1376262700 28.517 0
1376262730 10.501 0
1376262760 30.149 0
1376262790 10.748 0
1376262820 25.096 0
1376262850 24.703 0
1376262880 37.276 0
1376262910 35.710 0
1376262940 27.913 60
1376262970 6.304 0
1376263000 34.913 0
1376263030 15.233 0
1376263060 48.715 0
1376263090 11.682 0
1376263120 27.432 0
1376263150 121.476 0
1376263180 64.462 0
1376263210 11.636 0
1376263240 24.716 61
1376263270 26.705 0
1376263300 41.820 0
1376263330 14.589 0
1376263360 9.852 0
1376263390 10.026 0
1376263420 39.562 0
1376263450 9.157 0
1376263480 59.774 0
1376263510 18.786 0
1376263540 49.356 0
1376263570 13.793 0
1376263600 27.286 61
1376263630 9.354 0
1376263660 31.336 0
1376263690 24.234 0
1376263720 29.554 62
1376263750 8.672 -62
1376263780 40.449 0
1376263810 37.238 0
1376263840 60.772 0
1376263870 28.180 0
1376263900 35.302 61
1376263930 16.031 0
1376263960 29.186 61
1376263990 12.800 0
1376264020 42.617 -62
1376264050 8.121 0
1376264080 34.061 0
1376264110 30.180 61
1376264140 52.248 0
1376264170 11.214 0
1376264200 41.676 0
1376264230 25.921 0
1376264260 42.604 0
1376264290 13.413 0
1376264320 26.192 61
1376264350 10.192 -61
1376264380 38.189 0
1376264410 32.360 62
1376264440 42.158 -62
1376264470 12.648 -62
1376264500 47.857 0
1376264530 36.705 0
1376264560 36.102 0
1376264590 34.952 0
1376264620 48.531 0
1376264650 11.559 0
1376264680 47.750 0
1376264710 56.529 0
1376264740 39.031 0
1376264770 7.882 64
1376264800 38.520 0
1376264830 10.194 0
1376264860 39.414 0
1376264890 11.961 0
1376264920 52.806 0
1376270578 28.150 0
1376270608 65.637 0
1376270638 27.098 0
1376270668 51.818 -61
1376270698 28.336 0
1376270728 50.615 0
1376270758 14.398 0
1376270788 41.695 -60
1376270818 27.845 60
1376270848 38.746 0
1376270878 47.458 0
1376270908 63.281 0
1376270938 22.591 0
1376270968 29.756 60
1376270998 34.261 0
1376271028 36.512 -60
1376271058 7.985 0
1376271088 52.753 -61
1376271118 30.760 61
1376271148 39.697 0
1376271178 21.930 0
1376271208 66.985 0
1376271238 31.906 0
1376271268 34.535 -60
1376271298 23.577 0
1376271328 39.658 -61
1376271358 12.636 -61
1376271388 35.652 -61
1376271418 20.781 0
1376271448 24.768 0
1376271478 22.588 0
1376271508 35.952 0
1376271538 14.770 0
1376271568 38.082 -61
1376271598 12.799 0
1376271628 47.482 -61
1376271658 10000.289 timeout
1376271688 48.451 0
1376271718 14.642 0
1376271748 44.617 0
1376271778 11.009 0
1376271808 36.682 0
1376271838 17.614 0
1376271868 48.200 0
1376271898 16.473 0
1376271928 39.166 0
1376271958 61.765 0
1376271988 44.887 0
1376272018 13.093 -61
1376272048 35.921 0
1376272078 10.357 -61
1376272108 53.382 0
1376272138 11.388 0
1376272168 49.042 0
1376272198 17.098 0
1376272228 39.210 -60
1376272258 60.314 0
1376272288 36.572 -60
1376272318 21.695 0
1376272348 32.559 60
1376272378 26.407 60
1376272408 44.571 0
1376272438 17.146 0
1376272468 27.511 61
1376272498 12.086 0
1376272528 41.231 -60
1376272558 17.806 -60
1376272588 37.949 -61
1376272618 24.054 61
1376272648 50.804 -60
1376272678 7.255 0
1376272708 10000.163 timeout
1376272738 27.551 62
1376272768 40.775 0
1376272798 14.988 0
1376272828 35.736 0
1376272858 26.265 -61
1376272888 35.728 0
1376272918 9.248 0
1376272948 34.489 0
1376272978 7.564 0
1376273008 44.844 0
1376273038 14.631 0
1376273068 56.375 0
1376273098 10.503 0
1376273128 16.465 0
1376273158 21.084 0
1376273188 23.346 0
1376273218 16.246 0
1376273248 33.400 0
1376273278 20.235 0
1376273308 40.390 0
1376273338 12.240 0
1376273368 29.262 0
1376273398 29.511 0
1376273428 56.426 0
1376273458 13.119 0
1376273488 41.692 0
1376273518 9.158 0
1376273548 47.720 0
1376273578 6.493 0
1376273608 41.136 0
1376273638 9.478 0
1376273668 72.298 0
1376273698 12.954 0
1376273728 49.177 0
1376273758 27.041 0
1376273788 54.661 -62
1376273818 29.363 0
1376273848 44.651 0
1376273878 12.119 0
1376273908 33.939 0
1376273938 8.879 -61
1376273968 59.706 0
1376273998 10.109 0
1376274028 58.806 0
1376274058 24.734 0
1376274088 36.953 61
1376274118 15.802 0
1376274148 40.384 61
1376274178 15.820 0
1376274208 45.499 0
1376274238 27.809 0
1376274268 45.811 0
1376274298 17.596 0
1376274328 55.793 -60
1376274358 21.656 0
1376274388 12.707 0
1376274418 11.682 -61
1376274448 12.843 0
1376274478 63.156 0
1376274508 16.713 0
1376274538 48.787 60
1376274568 42.179 -61
1376274598 46.732 0
1376274628 9.789 0
1376274658 21.858 0
1376274688 49.822 -61
1376274718 45.030 0
1376274748 7.727 0
1376274778 36.140 0
1376274808 38.109 -60
1376274838 38.289 -60
1376274868 28.093 0
1376274898 14.430 0
1376274928 39.987 -60
1376274958 26.923 0
1376274988 43.302 -61
1376275018 36.571 0
1376275048 25.467 62
1376275078 72.510 0
1376275108 46.681 -61
1376275138 44.590 -61
1376275168 18.855 0
1376275198 31.350 60
1376275228 48.460 -61
1376275258 41.302 0
1376275288 39.346 -61
1376275318 26.234 0
1376275348 24.654 60
1376275378 9.438 0
1376275408 38.701 -61
1376275438 41.611 -61
1376275468 8.416 0
1376275498 10000.478 timeout
1376275528 55.523 0
1376275558 31.885 0
1376275588 29.117 0
1376275618 29.621 0
1376275648 14.932 0
1376275678 60.208 0
1376275708 10.954 0
1376275738 12.478 -60
1376275768 22.185 0
1376275798 26.641 0
1376275828 61.260 0
1376275858 45.380 0
1376275888 21.645 0
1376275918 26.612 0
1376275948 13.186 0
1376275978 14.124 0
1376276008 47.350 -60
1376276038 20.874 60
1376276068 45.703 0
1376276098 8.530 0
1376276128 10000.298 timeout
1376276158 31.499 0
1376276188 14.403 -60
1376276218 20.667 61
1376276248 9.895 0
1376276278 15.975 0
1376276308 38.859 0
1376276338 34.047 -61
1376276368 44.749 0
1376276398 21.220 0
1376276428 9.306 -63
1376276458 36.943 -62
1376276488 42.856 -62
1376276518 46.243 63
1376276548 52.653 0
1376276578 10.176 0
1376276608 6.270 0
1376276638 10.338 0
1376276668 6.254 0
1376276698 58.840 -60
1376276728 12.561 -60
1376276758 1645.329 -61
1376276801 10.293 0
1376276831 38.967 -62
1376276930 38.112 0
1376276960 11.384 0
1376276990 23.773 61
1376277020 10.048 0
1376277050 40.981 0
1376277080 30.673 0
1376277110 35.837 0
1376277140 11.236 0
1376277170 61.958 -61
1376277200 10000.290 timeout
1376277230 27.907 0
1376277260 25.586 0
1376277290 33.140 0
1376277320 42.899 0
1376277350 37.436 0
1376277380 9.238 0
1376277410 25.233 0
1376277440 14.149 0
1376277470 35.412 0
1376277500 12.150 0
1376277530 82.066 -61
1376277560 58.579 -62
1376277590 36.920 0
1376277620 65.814 -61
1376277650 56.115 0
1376277680 23.710 0
1376277710 34.188 0
1376277740 34.721 0
1376277770 46.765 0
1376277800 23.720 0
1376277937 18.936 0
1376277981 10000.370 timeout
1376278011 25.004 0
1376278041 49.475 -61
1376278071 65.316 0
1376278101 80.860 0
1376278131 26.780 0
1376278161 16.091 60
1376278191 9.743 0
1376278221 27.341 62
1376278251 30.879 0
1376278281 18.385 0
1376278311 20.918 0
1376278341 30.374 0
1376278371 38.126 0
1376278401 39.920 -60
1376278431 34.069 0
1376278461 39.350 0
1376278491 22.754 0
1376278521 44.055 -62
1376278551 55.991 0
1376278581 24.944 0
1376278611 42.244 -61
1376278641 25.775 0
1376278671 33.408 0
1376278701 34.507 0
1376278731 16.157 0
1376278761 60.822 0
1376278791 10.345 0
1376278821 46.948 60
1376278851 15.499 0
1376278881 70.225 -61
1376278911 54.314 -61
1376278941 20.111 0
1376278971 34.204 0
1376279001 26.509 -60
1376279031 10000.134 timeout
1376279061 53.101 0
1376279091 28.433 0
1376279121 34.108 -60
1376279151 32.239 0
1376279181 42.101 0
1376279211 27.378 0
1376279241 46.284 61
1376279271 21.196 0
1376279301 51.553 -60
1376279331 45.436 0
1376279361 56.645 0
1376279391 44.351 60
1376279421 56.203 0
1376279451 20.780 0
1376279481 63.889 0
1376279511 45.469 0
1376279541 84.961 0
1376279571 37.736 -61
1376279601 12.189 0
1376279631 28.614 60
1376279661 7.518 0
1376279691 38.207 0
1376279721 9.393 0
1376279751 33.655 -60
1376279781 39.034 0
1376279811 35.950 -60
1376279841 46.434 0
1376279871 10000.658 timeout
1376279901 142.274 0
1376279931 65.793 -60
1376279961 81.863 0
1376279991 10000.378 timeout
1376280021 10000.257 timeout
1376280051 154.437 0
1376280081 41.078 0
1376280111 10000.581 timeout
1376280141 56.197 0
1376280171 108.458 -61
1376280201 37.632 0
1376280231 102.462 -60
1376280261 105.303 0
1376280291 147.997 0
1376280321 333.949 0
1376280351 10000.211 timeout
1376280381 93.863 60
1376280411 37.710 60
1376280441 43.851 0
1376280471 77.681 -60
1376280501 54.467 0
1376280531 13.075 0
1376280561 69.679 0
1376280591 38.601 0
1376280621 21.742 60
1376280651 46.518 0
1376280681 76.688 -61
1376280711 109.549 -60
1376280741 72.044 60
1376280771 33.090 -60
1376280801 35.433 0
1376280831 70.657 0
1376280861 32.346 0
1376280891 33.137 0
1376280921 102.721 0
1376280951 107.596 0
1376280981 209.676 0
1376281011 72.205 0
1376281041 64.703 -60
1376281071 144.351 -61
1376281101 238.432 -61
1376281131 106.199 -61
1376281161 42.672 60
1376281191 125.657 0
1376281221 157.455 -60
1376281251 102.307 60
1376281281 80.075 0
1376281311 109.404 -60
1376281341 86.202 0
1376281371 170.229 0
1376281401 24.418 0
1376281431 14.171 0
1376281461 39.431 0
1376281491 41.052 0
1376281521 37.866 -60
1376281551 25.819 0
