1376261020 57.194 0
1376261050 14.713 0
1376261080 52.884 -60
1376261110 33.492 0
1376261140 37.757 60
1376261170 26.977 0
1376261200 21.916 61
1376261230 14.857 0
1376261260 27.789 60
1376261290 13.021 -60
1376261320 58.813 -61
1376261350 34.244 61
1376261380 37.992 0
1376261410 6.969 0
1376261440 40.854 0
1376261470 26.895 0
1376261500 40.960 0
1376261530 15.800 0
1376261560 23.053 64
1376261590 31.119 0
1376261620 20.945 62
1376261650 18.260 -62
1376261680 45.837 -61
1376261710 9.911 0
1376261740 40.630 -61
1376261770 30.839 61
1376261800 42.622 0
1376261830 24.564 0
1376261860 41.337 -62
1376261890 10021.073 timeout
1376261920 57.416 62
1376261950 14.764 0
1376261980 30.911 61
1376262010 10000.437 timeout
1376262040 54.024 0
1376262070 16.730 0
1376262100 27.546 61
1376262130 37.587 61
1376262160 39.754 0
1376262190 15.054 0
1376262220 50.022 0
1376262250 9.126 0
1376262280 52.398 0
1376262310 11.059 61
1376262340 41.916 0
1376262370 19.305 0
1376262400 22.003 0
1376262430 25.718 0
1376262460 158.289 0
1376262490 5.947 0
1376262520 71.651 0
1376262550 9.214 0
1376262580 39.858 0
1376262610 11.489 60
1376262640 34.735 0
1376262670 17.504 61
1376262700 23.853 0
1376262730 10.566 0
1376262760 30.258 0
1376262790 10.972 0
1376262820 25.598 0
1376262850 16.601 0
1376262880 40.294 0
1376262910 39.392 0
1376262940 28.592 60
1376262970 6.717 0
1376263000 29.769 0
1376263030 14.504 0
1376263060 48.843 0
1376263090 12.100 0
1376263120 26.121 0
1376263150 102.214 0
1376263180 63.910 0
1376263210 8.881 0
1376263240 25.090 61
1376263270 27.145 0
1376263300 42.879 0
1376263330 8.840 0
1376263360 10.186 0
1376263390 10.500 0
1376263420 40.372 0
1376263450 10.177 0
1376263480 60.367 0
1376263510 19.048 0
1376263540 49.614 0
1376263570 14.281 0
1376263600 25.334 61
1376263630 6.654 0
1376263660 26.277 0
1376263690 24.816 0
1376263720 29.187 62
1376263750 8.115 -62
1376263780 40.792 0
1376263810 37.931 0
1376263840 58.016 0
1376263870 22.502 0
1376263900 36.143 61
1376263930 14.590 0
1376263960 29.573 61
1376263990 8.762 0
1376264020 41.148 -62
1376264050 7.523 0
1376264080 34.484 0
1376264110 31.658 61
1376264140 53.111 0
1376264170 10000.371 timeout
1376264200 41.818 0
1376264230 26.425 0
1376264260 43.054 0
1376264290 13.409 0
1376264320 26.657 61
1376264350 10.747 -61
1376264380 38.042 0
1376264410 33.297 62
1376264440 42.488 -62
1376264470 12.207 -62
1376264500 48.649 0
1376264530 37.018 0
1376264560 36.300 0
1376264590 35.460 0
1376264620 49.042 0
1376264650 10.619 0
1376264680 48.512 0
1376264710 56.521 0
1376264740 39.542 0
1376264770 8.111 64
1376264800 39.013 0
1376264830 6.828 0
1376264860 39.818 0
1376264890 9.595 0
1376264920 53.781 0
1376270578 28.261 0
1376270608 51.723 0
1376270638 21.091 0
1376270668 52.335 -61
1376270698 38.472 0
1376270728 50.985 0
1376270758 11.242 0
1376270788 42.157 -60
1376270818 28.447 60
1376270848 39.773 0
1376270878 44.922 0
1376270908 57.281 0
1376270938 23.026 0
1376270968 29.700 60
1376270998 32.060 0
1376271028 36.976 -60
1376271058 6.422 0
1376271088 53.417 -61
1376271118 31.303 61
1376271148 40.018 0
1376271178 20.635 0
1376271208 53.391 0
1376271238 32.387 0
1376271268 35.028 -60
1376271298 23.915 0
1376271328 40.419 -61
1376271358 12.190 -61
1376271388 36.692 -61
1376271418 20.103 0
1376271448 25.062 0
1376271478 23.058 0
1376271508 36.334 0
1376271538 15.148 0
1376271568 38.011 -61
1376271598 12.799 0
1376271628 47.631 -61
1376271658 63.173 0
1376271688 48.677 0
1376271718 14.167 0
1376271748 45.042 0
1376271778 11.059 0
1376271808 37.161 0
1376271838 11.652 0
1376271868 48.505 0
1376271898 15.735 0
1376271928 39.498 0
1376271958 56.607 0
1376271988 45.759 0
1376272018 12.147 -61
1376272048 36.248 0
1376272078 6.584 -61
1376272108 53.775 0
1376272138 10.043 0
1376272168 49.664 0
1376272198 17.363 0
1376272228 39.219 -60
1376272258 58.523 0
1376272288 37.609 -60
1376272318 18.727 0
1376272348 30.986 60
1376272378 27.331 60
1376272408 45.158 0
1376272438 9.436 0
1376272468 28.007 61
1376272498 12.604 0
1376272528 41.695 -60
1376272558 18.300 -60
1376272588 38.348 -61
1376272618 23.568 61
1376272648 50.936 -60
1376272678 7.770 0
1376272708 33.557 0
1376272738 27.301 62
1376272768 41.194 0
1376272798 14.639 0
1376272828 35.857 0
1376272858 26.587 -61
1376272888 36.580 0
1376272918 9.839 0
1376272948 35.113 0
1376272978 7.370 0
1376273008 45.721 0
1376273038 14.576 0
1376273068 52.483 0
1376273098 9.089 0
1376273128 34.506 62
1376273158 7.709 0
1376273188 23.560 0
1376273218 11.123 0
1376273248 33.698 0
1376273278 19.182 0
1376273308 40.750 0
1376273338 12.115 0
1376273368 29.942 0
1376273398 26.206 0
1376273428 59.775 0
1376273458 13.511 0
1376273488 42.805 0
1376273518 8.260 0
1376273548 48.075 0
1376273578 7.117 0
1376273608 41.591 0
1376273638 9.607 0
1376273668 73.053 0
1376273698 13.058 0
1376273728 49.668 0
1376273758 27.271 0
1376273788 55.127 -62
1376273818 25.745 0
1376273848 45.202 0
1376273878 10.056 0
1376273908 33.935 0
1376273938 8.751 -61
1376273968 60.077 0
1376273998 10.054 0
1376274028 50.794 0
1376274058 24.060 0
1376274088 35.029 61
1376274118 8.843 0
1376274148 41.275 61
1376274178 8.085 0
1376274208 45.850 0
1376274238 10000.389 timeout
1376274268 46.245 0
1376274298 17.063 0
1376274328 56.774 -60
1376274358 18.862 0
1376274388 12.351 0
1376274418 9.354 -61
1376274448 7.528 0
1376274478 63.581 0
1376274508 17.040 0
1376274538 25.968 60
1376274568 42.590 -61
1376274598 46.825 0
1376274628 10.131 0
1376274658 21.898 0
1376274688 50.087 -61
1376274718 45.354 0
1376274748 7.099 0
1376274778 37.045 0
1376274808 38.593 -60
1376274838 38.760 -60
1376274868 28.577 0
1376274898 8.935 0
1376274928 40.734 -60
1376274958 27.330 0
1376274988 43.673 -61
1376275018 37.400 0
1376275048 24.296 62
1376275078 78.807 0
1376275108 47.507 -61
1376275138 45.118 -61
1376275168 19.150 0
1376275198 31.911 60
1376275228 48.684 -61
1376275258 36.678 0
1376275288 39.745 -61
1376275318 26.661 0
1376275348 22.276 60
1376275378 9.779 0
1376275408 39.085 -61
1376275438 41.662 -61
1376275468 7.727 0
1376275498 10000.331 timeout
1376275528 52.466 0
1376275558 32.077 0
1376275588 27.566 0
1376275618 22.594 0
1376275648 10.314 0
1376275678 53.951 0
1376275708 5.129 0
1376275738 12.622 -60
1376275768 22.570 0
1376275798 25.839 0
1376275828 52.813 0
1376275858 45.353 0
1376275888 20.603 0
1376275918 24.638 0
1376275948 13.523 0
1376275978 14.234 0
1376276008 47.315 -60
1376276038 21.927 60
1376276068 34.106 0
1376276098 9.071 0
1376276128 10000.390 timeout
1376276158 31.940 0
1376276188 8.377 -60
1376276218 18.425 -60
1376276248 10.302 0
1376276278 16.373 0
1376276308 36.124 0
1376276338 34.613 -61
1376276368 45.246 0
1376276398 21.744 0
1376276428 9.070 -63
1376276458 37.130 -62
1376276488 38.235 -62
1376276518 45.808 63
1376276548 52.911 0
1376276578 10.584 0
1376276608 6.611 0
1376276638 10.905 0
1376276668 6.603 0
1376276698 59.262 -60
1376276728 12.366 -60
1376276758 1645.487 -61
1376276801 8.422 0
1376276831 27.942 0
1376276930 38.827 0
1376276960 5.670 0
1376276990 25.157 61
1376277020 10.167 0
1376277050 41.980 0
1376277080 28.378 0
1376277110 36.375 0
1376277140 7.742 0
1376277170 62.674 -61
1376277200 22.425 62
1376277230 25.390 0
1376277260 23.434 0
1376277290 33.610 0
1376277320 43.028 0
1376277350 33.986 0
1376277380 9.309 0
1376277410 21.420 0
1376277440 9.579 0
1376277470 36.160 0
1376277500 12.065 0
1376277530 82.823 -61
1376277560 58.656 -62
1376277590 37.869 0
1376277620 66.925 -61
1376277650 56.621 0
1376277680 24.232 0
1376277710 34.733 0
1376277740 34.874 0
1376277770 47.168 0
1376277800 23.510 0
1376277937 18.623 0
1376277981 10000.408 timeout
1376278011 21.957 0
1376278041 50.636 -61
1376278071 10000.435 timeout
1376278101 81.811 0
1376278131 19.593 0
1376278161 16.329 60
1376278191 8.452 0
1376278221 27.714 62
1376278251 30.837 0
1376278281 16.751 0
1376278311 18.189 0
1376278341 28.101 0
1376278371 38.474 0
1376278401 40.470 -60
1376278431 34.492 0
1376278461 40.310 0
1376278491 23.703 0
1376278521 44.580 -62
1376278551 49.203 0
1376278581 24.365 0
1376278611 42.577 -61
1376278641 26.097 0
1376278671 33.444 0
1376278701 34.901 0
1376278731 16.221 0
1376278761 27.748 61
1376278791 10.825 0
1376278821 47.220 60
1376278851 15.932 0
1376278881 70.731 -61
1376278911 54.060 -61
1376278941 20.486 0
1376278971 34.345 0
1376279001 26.981 -60
1376279031 21.426 60
1376279061 53.573 0
1376279091 28.835 0
1376279121 34.399 -60
1376279151 32.763 0
1376279181 42.549 0
1376279211 67.713 -60
1376279241 47.231 61
1376279271 21.201 0
1376279301 52.327 -60
1376279331 45.746 0
1376279361 56.348 0
1376279391 44.864 60
1376279421 51.559 0
1376279451 20.773 0
1376279481 63.935 0
1376279511 45.788 0
1376279541 85.222 0
1376279571 38.564 -61
1376279601 12.346 0
1376279631 26.638 60
1376279661 7.677 0
1376279691 38.204 0
1376279721 9.503 0
1376279751 33.982 -60
1376279781 39.964 0
1376279811 36.387 -60
1376279841 47.409 0
1376279871 10000.365 timeout
1376279901 143.147 0
1376279931 66.288 -60
1376279961 86.219 -60
1376279991 89.623 60
1376280021 10000.430 timeout
1376280051 151.134 0
1376280081 41.374 0
1376280111 10000.430 timeout
1376280141 55.565 0
1376280171 108.641 -61
1376280201 22.932 0
1376280231 103.342 -60
1376280261 105.910 0
1376280291 113.482 0
1376280321 333.871 0
1376280351 10000.364 timeout
1376280381 94.099 60
1376280411 33.659 60
1376280441 44.264 0
1376280471 77.768 -60
1376280501 54.591 0
1376280531 11.413 0
1376280561 70.460 0
1376280591 39.028 0
1376280621 22.115 60
1376280651 47.382 0
1376280681 81.122 -61
1376280711 100.967 -60
1376280741 72.883 60
1376280771 28.327 -60
1376280801 36.010 0
1376280831 70.544 0
1376280861 33.030 0
1376280891 33.429 0
1376280921 103.113 0
1376280951 108.062 0
1376280981 210.476 0
1376281011 69.228 0
1376281041 65.220 -60
1376281071 144.805 -61
1376281101 238.950 -61
1376281131 106.421 -61
1376281161 42.945 60
1376281191 126.109 0
1376281221 124.547 -60
1376281251 99.949 60
1376281281 76.685 0
1376281311 92.939 -60
1376281341 83.165 0
1376281371 170.645 0
1376281401 19.313 0
1376281431 14.193 0
1376281461 40.207 0
1376281491 41.360 0
1376281521 38.192 -60
1376281551 26.815 0
1376281581 23.079 61
1376281611 80.010 61
1376281641 56.096 0
1376281671 86.403 -60
1376281701 103.115 0
1376281731 10000.410 timeout
1376281761 100.743 0
1376281791 78.096 0
1376281821 42.181 0
1376281851 10000.410 timeout
1376281881 119.614 0
1376281911 97.670 0
1376281941 91.653 -61
1376281971 47.966 0
1376282001 23.684 60
1376282031 105.532 -61
1376282061 151.093 0
1376282091 77.148 0
1376282121 117.578 -60
1376282151 124.833 0
1376282181 40.556 0
1376282211 68.269 0
1376282241 118.392 0
1376282271 163.980 0
1376282301 60.747 0
1376282331 325.876 0
1376282361 9.508 0
1376282391 89.459 0
1376282421 256.290 0
1376282451 187.179 -60
1376282481 11.738 -60
1376282511 33.409 61
1376282541 190.874 0
1376282571 195.577 0
1376282601 156.795 0
1376282631 10000.401 timeout
1376282661 150.361 -61
1376282691 358.684 0
1376282721 46.273 0
1376282751 232.613 0
1376282781 177.123 -1376282733
1376282811 118.225 -60
1376282841 10000.337 timeout
1376282871 243.248 -1376282854
1376282901 64.019 -61
1376282931 22.336 -61
1376282961 392.834 0
1376282991 99.851 0
1376283021 90.924 0
1376283051 102.795 60
1376283081 10000.343 timeout
1376283111 10000.372 timeout
1376283141 143.904 0
1376283171 110.818 -62
1376283201 225.028 -62
1376283231 109.100 -62
1376283261 42.090 61
1376283291 32.460 0
1376283321 10000.425 timeout
1376283351 302.611 -60
1376283381 180.278 0
1376283411 114.723 0
1376283441 77.360 -60
1376283471 67.126 60
1376283501 183.030 0
1376283531 215.201 0
1376283561 135.986 -61
1376283591 93.560 -60
1376283621 10000.410 timeout
1376283651 115.755 0
1376283681 253.715 0
1376283711 31.779 0
1376283741 59.768 -60
1376283771 317.497 -60
1376283801 15.846 -60
1376283831 34.825 -60
1376283861 204.680 0
1376283891 124.298 0
1376283921 220.182 60
1376283951 67.157 0
1376283981 211.890 -60
1376284011 152.718 0
1376284041 204.701 -61
1376284071 39.262 0
1376284101 95.120 -60
1376284131 29.743 60
1376284161 9.508 0
1376284191 95.130 -61
1376284221 15.620 -61
1376284251 33.112 0
1376284281 63.751 60
1376284311 31.341 60
1376284341 45.461 -60
1376284371 53.863 60
1376284401 25.738 -60
1376284431 95.139 -60
1376284461 7.935 0
1376284491 29.073 0
1376284521 23.706 60
1376284551 55.696 0
1376284581 68.703 60
1376284611 23.863 -61
1376284641 109.937 0
1376284671 6.359 0
1376284701 12.801 0
1376284731 94.664 -60
1376284761 197.559 0
1376284791 34.732 0
1376284821 44.126 0
1376284851 10.964 0
1376284881 37.725 0
1376284911 10000.400 timeout
1376284941 125.101 60
1376284971 27.116 0
1376285001 86.017 -60
1376285031 54.124 -61
1376285061 122.416 -61
1376285091 71.762 60
1376285121 92.973 -60
1376285151 197.988 -60
1376285181 112.307 0
1376285211 39.865 0
1376285241 42.735 -60
1376285271 35.118 -60
1376285301 13.967 60
1376285331 80.104 -60
1376285361 108.310 0
1376285391 93.760 -61
1376285421 10000.400 timeout
1376285451 35.790 0
1376285481 286.629 -60
1376285511 26.428 0
1376285541 162.068 0
1376285571 90.980 0
1376285601 70.386 0
1376285631 131.718 -60
1376285661 253.529 0
1376285691 51.482 0
1376285721 89.029 -60
1376285751 148.980 0
1376285781 383.782 0
1376285811 137.691 0
1376285841 103.654 0
1376285871 132.032 0
1376285901 30.802 0
1376285931 269.544 -60
1376285961 70.884 0
1376285991 81.257 0
1376286021 196.195 0
1376286051 10000.443 timeout
1376286081 10.776 0
1376286111 66.567 -60
1376286141 195.145 -60
1376286171 192.434 -61
1376286201 54.556 61
1376286231 31.811 -60
1376286261 52.360 0
1376286291 22.504 0
1376286321 196.310 -60
1376286351 10000.393 timeout
1376286381 39.268 0
1376286411 288.447 0
1376286441 66.120 -60
1376286471 23.006 0
1376286501 55.477 0
1376286531 93.305 -60
1376286561 314.980 -60
1376286591 229.984 -60
1376286621 162.471 -60
1376286651 175.250 0
1376286681 10000.423 timeout
1376286711 238.851 0
1376286741 355.591 -60
1376286771 267.250 0
1376286801 72.638 0
1376286831 216.793 0
1376286861 207.021 0
1376286891 234.749 -61
1376286921 115.075 0
1376286951 10000.399 timeout
1376286981 219.683 0
1376287011 203.879 60
1376287041 142.182 0
1376287071 183.870 -60
1376287101 157.328 -60
1376287131 151.323 0
1376287161 205.234 0
1376287191 197.431 0
1376287221 169.828 0
1376287251 77.124 -60
1376287281 228.968 61
1376287311 23.248 0
1376287341 25.184 0
1376287371 101.943 -60
1376287401 73.590 0
1376287431 76.762 0
1376287461 10000.357 timeout
1376287491 159.638 0
1376287521 412.954 -60
1376287551 74.465 0
1376287581 296.747 -61
1376287611 86.231 0
1376287641 21.923 0
1376287671 232.769 0
1376287701 30.563 0
1376287731 81.951 0
1376287761 211.661 0
1376287791 10000.471 timeout
1376287821 10000.448 timeout
1376287851 130.332 0
1376287881 27.999 0
1376287911 291.668 0
1376287941 81.765 0
1376287971 157.012 0
1376288001 46.855 0
1376288031 5.978 0
1376288061 98.251 0
1376288091 128.069 0
1376288121 157.839 -60
1376288151 215.011 0
1376288181 19.374 0
1376288211 102.483 0
1376288241 59.308 0
1376288271 10000.412 timeout
1376288301 147.551 0
1376288331 111.179 -62
1376288361 217.707 0
1376288391 23.769 0
1376288421 46.271 0
1376288451 6.197 0
1376288481 5.816 0
1376288511 23.027 0
1376288541 96.956 0
1376288571 64.844 0
1376288601 10.639 0
1376288631 80.569 -60
1376288661 59.035 0
1376288691 22.100 0
1376288721 293.599 0
1376288751 83.276 0
