1376261020 16.205 0
1376261050 29.677 0
1376261080 39.528 0
1376261110 45.151 0
1376261140 24.999 0
1376261170 8.146 0
1376261200 7.055 0
1376261230 14.879 0
1376261260 14.141 0
1376261290 57.633 -60
1376261320 56.537 0
1376261350 19.105 0
1376261380 13.983 0
1376261410 12.204 0
1376261440 53.216 0
1376261470 10.247 0
1376261500 10.470 0
1376261530 15.760 0
1376261560 20.119 0
1376261590 43.212 0
1376261620 8.641 0
1376261650 18.226 -62
1376261680 52.571 -61
1376261710 9.352 0
1376261740 33.923 0
1376261770 13.958 0
1376261800 27.376 0
1376261830 12.359 0
1376261860 40.562 -62
1376261890 23.497 0
1376261920 60.500 0
1376261950 14.904 0
1376261980 16.816 0
1376262010 31.155 0
1376262040 7.365 0
1376262070 16.805 0
1376262100 10.195 0
1376262130 22.749 0
1376262160 24.878 0
1376262190 31.708 0
1376262220 28.282 0
1376262250 39.069 0
1376262280 17.142 0
1376262310 33.391 0
1376262340 28.959 0
1376262370 19.261 0
1376262400 13.102 0
1376262430 12.350 0
1376262460 137.474 0
1376262490 22.000 0
1376262520 29.033 0
1376262550 25.377 0
1376262580 12.061 0
1376262610 10000.286 timeout
1376262640 17.770 0
1376262670 33.479 0
1376262700 8.304 0
1376262730 10.994 0
1376262760 43.785 0
1376262790 26.086 0
1376262820 11.110 0
1376262850 28.540 0
1376262880 8.088 0
1376262910 10001.634 timeout
1376262940 33.882 0
1376262970 22.694 0
1376263000 40.760 -60
1376263030 13.844 0
1376263060 10.279 0
1376263090 11.520 0
1376263120 7.362 0
1376263150 86.867 0
1376263180 37.259 0
1376263210 11.599 0
1376263240 12.354 0
1376263270 10.282 0
1376263300 7.130 0
1376263330 7.901 0
1376263360 39.108 0
1376263390 9.809 0
1376263420 36.398 0
1376263450 12.067 0
1376263480 10.308 0
1376263510 31.833 0
1376263540 22.109 0
1376263570 27.953 0
1376263600 23.822 0
1376263630 23.357 0
1376263660 10.340 0
1376263690 7.138 0
1376263720 27.547 0
1376263750 26.585 0
1376263780 25.149 0
1376263810 21.624 0
1376263840 9.767 0
1376263870 8.696 0
1376263900 25.586 0
1376263930 32.961 0
1376263960 11.057 0
1376263990 8.342 0
1376264020 40.937 -62
1376264050 7.085 0
1376264080 10.810 0
1376264110 18.979 0
1376264140 21.664 0
1376264170 12.451 0
1376264200 7.319 0
1376264230 9.494 0
1376264260 9.553 0
1376264290 31.613 0
1376264320 6.588 0
1376264350 77.134 -61
1376264380 14.611 0
1376264410 7.972 0
1376264440 32.704 0
1376264470 25.428 0
1376264500 35.342 0
1376264530 43.831 0
1376264560 63.994 0
1376264590 19.445 0
1376264620 9.606 0
1376264650 27.018 0
1376264680 39.580 -61
1376264710 29.218 0
1376264740 13.914 0
1376264770 8.119 0
1376264800 39.436 0
1376264830 9.442 0
1376264860 32.629 0
1376264890 12.016 0
1376264920 53.570 0
1376270578 44.937 0
1376270608 37.847 0
1376270638 9.753 0
1376270668 34.063 0
1376270698 5.713 0
1376270728 21.889 -60
1376270758 65.224 0
1376270788 23.681 0
1376270818 10.814 0
1376270848 27.054 0
1376270878 29.245 0
1376270908 27.054 0
1376270938 22.157 0
1376270968 17.615 -60
1376270998 43.272 0
1376271028 29.718 0
1376271058 6.020 0
1376271088 31.123 0
1376271118 7.695 0
1376271148 33.762 0
1376271178 25.884 0
1376271208 12.124 0
1376271238 12.181 0
1376271268 23.603 0
1376271298 10.667 0
1376271328 25.444 0
1376271358 58.416 0
1376271388 24.237 0
1376271418 19.391 0
1376271448 11.325 0
1376271478 8.403 0
1376271508 69.041 0
1376271538 14.651 0
1376271568 33.321 0
1376271598 12.779 0
1376271628 25.993 0
1376271658 12.353 0
1376271688 23.550 63
1376271718 30.448 63
1376271748 30.953 0
1376271778 25.693 0
1376271808 15.501 0
1376271838 17.542 0
1376271868 22.503 -61
1376271898 26.271 0
1376271928 22.481 0
1376271958 11.788 0
1376271988 17.538 0
1376272018 27.538 0
1376272048 16.158 0
1376272078 39.524 0
1376272108 15.889 0
1376272138 9.952 0
1376272168 28.102 0
1376272198 36.639 0
1376272228 28.400 0
1376272258 13.545 0
1376272288 25.028 0
1376272318 18.214 0
1376272348 30.043 0
1376272378 12.909 0
1376272408 44.428 0
1376272438 16.329 0
1376272468 13.600 -61
1376272498 11.872 0
1376272528 26.946 0
1376272558 31.749 0
1376272588 31.247 0
1376272618 9.618 0
1376272648 41.546 0
1376272678 7.310 0
1376272708 10000.202 timeout
1376272738 12.301 0
1376272768 44.680 0
1376272798 25.076 0
1376272828 20.060 -60
1376272858 22.408 0
1376272888 21.368 0
1376272918 59.491 0
1376272948 14.081 0
1376272978 6.884 0
1376273008 11.821 0
1376273038 14.559 0
1376273068 13.500 0
1376273098 21.481 0
1376273128 16.676 0
1376273158 7.815 0
1376273188 18.424 0
1376273218 42.194 0
1376273248 15.880 0
1376273278 33.600 0
1376273308 17.039 -62
1376273338 26.958 0
1376273368 14.552 -61
1376273398 49.852 0
1376273428 12.778 0
1376273458 12.890 0
1376273488 15.803 0
1376273518 9.056 0
1376273548 25.868 0
1376273578 6.675 0
1376273608 25.312 0
1376273638 9.080 0
1376273668 70.641 0
1376273698 26.133 0
1376273728 23.541 0
1376273758 10.838 0
1376273788 30.111 0
1376273818 15.613 0
1376273848 19.171 0
1376273878 64.750 0
1376273908 10.998 -61
1376273938 25.832 0
1376273968 29.293 0
1376273998 9.983 0
1376274028 17.116 0
1376274058 9.000 0
1376274088 19.801 0
1376274118 25.542 0
1376274148 54.373 0
1376274178 15.715 0
1376274208 16.886 -62
1376274238 10000.203 timeout
1376274268 32.142 0
1376274298 16.994 0
1376274328 812.525 -60
1376274358 31.255 0
1376274388 26.550 0
1376274418 25.744 0
1376274448 26.047 0
1376274478 12.624 0
1376274508 26.934 0
1376274538 18.963 0
1376274568 17.908 0
1376274598 26.636 0
1376274628 55.956 0
1376274658 22.353 0
1376274688 11.521 0
1376274718 31.808 0
1376274748 23.909 0
1376274778 56.614 0
1376274808 14.688 0
1376274838 22.781 0
1376274868 25.765 -120
1376274898 12.140 0
1376274928 9.537 0
1376274958 11.722 0
1376274988 14.446 0
1376275018 24.169 0
1376275048 15.975 0
1376275078 31.210 0
1376275108 18.329 0
1376275138 35.287 0
1376275168 41.438 0
1376275198 14.499 0
1376275228 26.418 0
1376275258 22.941 0
1376275288 10.466 0
1376275318 12.877 -61
1376275348 11.146 0
1376275378 14.128 0
1376275408 10.126 0
1376275438 25.420 0
1376275468 23.145 0
1376275498 10000.290 timeout
1376275528 16.248 -122
1376275558 19.740 0
1376275588 41.854 -61
1376275618 4.927 0
1376275648 27.631 0
1376275678 7.694 0
1376275708 24.874 0
1376275738 13.232 -60
1376275768 26.531 0
1376275798 27.187 0
1376275828 13.320 -61
1376275858 32.596 0
1376275888 28.255 0
1376275918 8.338 0
1376275948 28.434 0
1376275978 13.752 0
1376276008 18.215 0
1376276038 12.367 0
1376276068 49.351 0
1376276098 10.802 0
1376276128 11.664 0
1376276158 17.300 0
1376276188 32.231 0
1376276218 18.575 0
1376276248 26.618 0
1376276278 24.830 0
1376276308 22.678 0
1376276338 26.110 0
1376276368 22.198 0
1376276398 7.425 0
1376276428 59.125 0
1376276458 10000.288 timeout
1376276488 53.483 0
1376276518 45.034 0
1376276548 38.225 0
1376276578 13.080 -61
1376276608 23.734 0
1376276638 18.848 -61
1376276668 24.361 0
1376276698 56.513 0
1376276728 55.459 0
1376276758 26.373 0
1376276801 20.947 0
1376276831 27.371 0
1376276930 10.377 0
1376276960 11.870 0
1376276990 9.802 -61
1376277020 10.251 0
1376277050 12.136 0
1376277080 11.279 0
1376277110 12.024 0
1376277140 23.800 0
1376277170 51.673 0
1376277200 43.812 0
1376277230 9.177 0
1376277260 34.729 0
1376277290 11.895 0
1376277320 43.010 0
1376277350 17.984 0
1376277380 27.694 0
1376277410 6.799 0
1376277440 9.547 0
1376277470 7.489 0
1376277500 11.476 0
1376277530 80.697 0
1376277560 38.580 0
1376277590 19.366 0
1376277620 14.144 0
1376277650 12.886 0
1376277680 14.775 0
1376277710 7.690 0
1376277740 38.623 0
1376277770 29.877 -60
1376277800 9.686 0
1376277937 17.898 0
1376277981 10000.433 timeout
1376278011 21.251 0
1376278041 37.249 0
1376278071 25.102 0
1376278101 44.891 0
1376278131 20.548 -61
1376278161 42.096 0
1376278191 8.251 0
1376278221 13.647 0
1376278251 7.402 0
1376278281 40.066 0
1376278311 19.491 0
1376278341 13.394 0
1376278371 54.188 -62
1376278401 30.858 0
1376278431 33.697 0
1376278461 14.983 0
1376278491 8.630 0
1376278521 29.715 0
1376278551 41.388 0
1376278581 50.359 0
1376278611 26.088 0
1376278641 17.394 0
1376278671 33.493 0
1376278701 19.977 0
1376278731 26.579 0
1376278761 12.626 0
1376278791 10.286 0
1376278821 51.533 60
1376278851 15.248 0
1376278881 43.054 0
1376278911 53.557 0
1376278941 19.348 0
1376278971 37.507 0
1376279001 7.723 0
1376279031 21.024 0
1376279061 40.363 0
1376279091 18.276 0
1376279121 26.671 0
1376279151 47.843 0
1376279181 23.157 0
1376279211 10.643 0
1376279241 33.830 0
1376279271 21.116 0
1376279301 25.563 0
1376279331 13.512 0
1376279361 56.626 0
1376279391 82.558 0
1376279421 21.823 0
1376279451 33.355 0
1376279481 65.138 -61
1376279511 43.983 61
1376279541 85.745 -61
1376279571 22.498 0
1376279601 12.221 0
1376279631 10.526 0
1376279661 55.144 -60
1376279691 34.262 0
1376279721 21.940 0
1376279751 22.185 -60
1376279781 17.800 0
1376279811 25.237 0
1376279841 13.045 0
1376279871 13.281 61
1376279901 97.464 0
1376279931 56.417 0
1376279961 18.288 0
1376279991 74.327 0
1376280021 67.354 0
1376280051 139.292 0
1376280081 92.106 0
1376280111 104.064 -60
1376280141 75.186 0
1376280171 92.656 0
1376280201 17.591 0
1376280231 102.115 -60
1376280261 98.526 0
1376280291 131.121 -60
1376280321 350.400 0
1376280351 90.500 0
1376280381 55.179 0
1376280411 40.615 0
1376280441 7.944 0
1376280471 35.176 0
1376280501 28.875 0
1376280531 10.859 0
1376280561 61.831 0
1376280591 38.392 0
1376280621 29.042 60
1376280651 24.923 0
1376280681 10000.267 timeout
1376280711 97.936 0
1376280741 44.046 0
1376280771 12.681 0
1376280801 8.222 0
1376280831 54.319 0
1376280861 14.138 0
1376280891 10000.292 timeout
1376280921 88.224 0
1376280951 65.314 0
1376280981 157.647 0
1376281011 68.849 0
1376281041 70.920 -60
1376281071 108.408 0
1376281101 240.627 -61
1376281131 127.522 0
1376281161 56.124 0
1376281191 112.091 60
1376281221 184.431 -60
1376281251 169.608 0
1376281281 76.711 0
1376281311 107.702 -60
1376281341 82.631 0
1376281371 140.007 -61
1376281401 23.796 0
1376281431 21.499 0
1376281461 18.656 0
1376281491 42.582 0
1376281521 19.211 0
1376281551 10.872 0
1376281581 41.608 121
1376281611 95.454 0
1376281641 62.399 0
1376281671 61.068 0
1376281701 10000.308 timeout
1376281731 10000.441 timeout
1376281761 48.607 0
1376281791 97.203 0
1376281821 28.977 -60
1376281851 10000.271 timeout
1376281881 124.184 -60
1376281911 96.420 0
1376281941 106.247 -61
1376281971 99.957 -60
1376282001 23.182 0
1376282031 69.792 0
1376282061 153.624 0
1376282091 85.277 0
1376282121 147.132 0
1376282151 118.757 0
1376282181 21.621 0
1376282211 42.958 0
1376282241 99.199 0
1376282271 116.308 -60
1376282301 90.935 0
1376282331 190.139 -60
1376282361 9.513 0
1376282391 10000.309 timeout
1376282421 199.302 0
1376282451 110.387 0
1376282481 11.760 0
1376282511 32.872 0
1376282541 86.079 0
1376282571 194.919 0
1376282601 116.201 0
1376282631 10000.145 timeout
1376282661 135.313 0
1376282691 267.180 0
1376282721 46.133 0
1376282751 10000.324 timeout
1376282781 10000.325 timeout
1376282811 146.979 -60
1376282841 10000.312 timeout
1376282871 10000.258 timeout
1376282901 112.445 0
1376282931 40.884 -121
1376282961 307.081 0
1376282991 221.392 -60
1376283021 90.525 0
1376283051 79.978 0
1376283081 405.781 0
1376283111 10000.190 timeout
1376283141 143.797 0
1376283171 119.832 -62
1376283201 252.338 -62
1376283231 123.386 -123
1376283261 18.580 0
1376283291 31.018 0
1376283321 121.267 0
1376283351 227.784 0
1376283381 149.461 -60
1376283411 168.620 0
1376283441 76.064 0
1376283471 22.358 0
1376283501 74.747 0
1376283531 184.699 0
1376283561 183.980 0
1376283591 106.821 -60
1376283621 228.199 -60
1376283651 53.018 0
1376283681 204.276 0
1376283711 29.389 0
1376283741 62.225 -60
1376283771 319.135 -120
1376283801 69.013 -60
1376283831 40.087 0
1376283861 130.983 0
1376283891 174.606 0
1376283921 174.083 0
1376283951 57.217 0
1376283981 212.517 -60
1376284011 228.216 -61
1376284041 221.292 -61
1376284071 60.629 0
1376284101 37.215 0
1376284131 9.261 0
1376284161 22.946 60
1376284191 81.619 0
1376284221 64.704 -61
1376284251 14.887 0
1376284281 42.798 0
1376284311 32.049 60
1376284341 10000.275 timeout
1376284371 42.026 0
1376284401 20.597 0
1376284431 93.286 0
1376284461 29.697 0
1376284491 33.807 0
1376284521 7.051 0
1376284551 53.889 0
1376284581 10.908 0
1376284611 11.044 0
1376284641 102.342 0
1376284671 5.695 0
1376284701 12.943 0
1376284731 81.939 0
1376284761 97.797 0
1376284791 50.290 0
1376284821 32.636 60
1376284851 10.446 0
1376284881 37.025 0
1376284911 10000.383 timeout
1376284941 92.587 0
1376284971 7.077 0
1376285001 142.520 0
1376285031 12.989 0
1376285061 142.565 -61
1376285091 92.481 0
1376285121 10000.282 timeout
1376285151 221.760 -120
