1376103050 42.661 60
1376103080 45.411 120
1376103110 45.861 120
1376103140 43.588 180
1376103170 43.878 180
1376103200 42.957 240
1376103230 46.110 240
1376103260 43.001 0
1376103290 46.319 0
1376103320 45.877 60
1376103350 43.122 60
1376103380 47.891 120
1376103410 43.207 120
1376103440 43.369 180
1376103470 43.933 180
1376103500 45.651 0
1376103530 45.949 0
1376103560 44.963 62
1376103590 47.446 62
1376103620 45.522 123
1376103650 43.182 123
1376103680 45.499 184
1376103710 47.900 184
1376103740 43.468 246
1376103770 43.613 0
1376103800 42.785 61
1376103830 47.728 61
1376103860 45.437 122
1376103890 43.598 122
1376103920 48.155 184
1376103950 43.401 184
1376103980 42.785 246
1376104010 43.540 246
1376104040 45.456 63
1376104070 47.892 63
1376104100 43.621 124
1376104130 45.808 124
1376104160 46.720 124
1376104190 48.005 185
1376104220 45.439 185
1376104250 46.388 246
1376104280 45.631 246
1376104310 45.687 0
1376104340 45.699 0
1376104370 47.078 61
1376104400 43.519 61
1376104430 45.563 124
1376104460 43.230 124
1376104490 47.625 185
1376104520 47.639 185
1376104550 45.418 246
1376104580 43.348 246
1376104610 47.860 0
1376104640 44.985 0
1376104670 45.103 61
1376104700 47.735 61
1376104730 45.395 122
1376104760 45.292 122
1376104790 46.006 183
1376104820 45.222 183
1376104850 45.697 0
1376104880 43.291 0
1376104910 48.386 62
1376104940 45.292 62
1376104970 43.574 124
1376105000 47.789 124
1376105030 42.919 185
1376105060 47.694 185
1376105090 45.824 246
1376105120 47.750 246
1376105150 45.879 61
1376105180 44.110 61
1376105210 45.993 122
1376105240 45.274 122
1376105270 43.071 183
1376105300 43.042 183
1376105330 43.058 244
1376105360 47.731 244
1376105390 45.272 304
1376105420 45.431 0
1376105450 47.748 60
1376105480 45.734 60
1376105510 43.261 121
1376105540 45.174 121
1376105570 45.458 181
1376105600 43.057 181
1376105630 45.828 241
1376105660 43.402 0
1376105690 48.008 60
1376105720 45.559 60
1376105750 47.437 120
1376105780 45.455 120
1376105810 45.238 180
1376105840 45.564 180
1376105870 45.385 241
1376105900 43.289 241
1376105930 45.885 60
1376105960 45.032 60
1376105990 46.143 120
1376106020 43.118 120
1376106050 43.547 180
1376106080 45.139 180
1376106110 45.761 241
1376106140 45.587 241
1376106170 45.651 60
1376106200 45.831 60
1376106230 43.484 120
1376106260 45.415 120
1376106290 48.325 180
1376106320 45.818 180
1376106350 45.427 241
1376106380 45.484 241
1376106410 45.866 302
1376106440 47.722 0
1376106470 46.060 60
1376106500 43.353 60
1376106530 46.094 60
1376106560 47.448 121
1376106590 45.692 121
1376106620 45.673 182
