1376103050 69.314 241
1376103080 68.531 0
1376103110 69.645 0
1376103140 69.557 60
1376103170 69.620 60
1376103200 69.461 120
1376103230 68.760 120
1376103260 69.612 181
1376103290 69.375 181
1376103320 69.381 241
1376103350 68.462 0
1376103380 69.424 60
1376103410 69.455 60
1376103440 69.545 120
1376103470 68.590 120
1376103500 69.610 181
1376103530 69.392 181
1376103560 69.422 243
1376103590 68.679 0
1376103620 69.615 61
1376103650 68.498 0
1376103680 69.475 61
1376103710 68.717 61
1376103740 68.530 123
1376103770 69.724 123
1376103800 68.781 184
1376103830 69.424 184
1376103860 69.410 0
1376103890 69.667 0
1376103920 69.633 62
1376103950 69.583 62
1376103980 68.781 124
1376104010 69.316 124
1376104040 69.718 187
1376104070 69.397 187
1376104100 68.617 248
1376104130 69.624 0
1376104160 69.398 0
1376104190 69.422 61
1376104220 69.430 61
1376104250 68.780 122
1376104280 69.007 122
1376104310 69.486 183
1376104340 69.453 183
1376104370 69.431 0
1376104400 69.504 0
1376104430 68.546 63
1376104460 69.702 63
1376104490 69.477 124
1376104520 69.850 124
1376104550 69.468 185
1376104580 69.686 185
1376104610 68.851 247
1376104640 69.418 247
1376104670 69.591 61
1376104700 69.517 61
1376104730 68.431 122
1376104760 69.710 122
1376104790 69.521 183
1376104820 69.511 183
1376104850 69.682 244
1376104880 68.573 244
1376104910 69.655 0
1376104940 69.555 0
1376104970 69.608 62
1376105000 69.665 62
1376105030 68.565 123
1376105060 69.482 123
1376105090 68.621 184
1376105120 69.573 184
1376105150 68.595 61
1376105180 69.789 61
1376105210 69.736 61
1376105240 70.099 61
1376105270 68.828 122
1376105300 69.633 122
1376105330 69.593 183
1376105360 69.691 183
1376105390 69.711 243
1376105420 69.442 0
1376105450 69.701 0
1376105480 69.379 0
1376105510 69.527 61
1376105540 69.731 61
1376105570 69.876 121
1376105600 69.411 121
1376105630 69.486 60
1376105660 69.547 60
1376105690 69.686 0
1376105720 68.623 0
1376105750 68.548 60
1376105780 69.132 60
1376105810 69.537 120
1376105840 68.823 120
1376105870 69.922 181
1376105900 69.634 0
1376105930 69.513 60
1376105960 70.051 0
1376105990 69.761 60
1376106020 69.436 60
1376106050 69.513 120
1376106080 69.457 120
1376106110 69.452 181
1376106140 69.617 0
1376106170 69.613 60
1376106200 69.676 60
1376106230 69.511 60
1376106260 68.713 60
1376106290 69.404 120
1376106320 69.476 120
1376106350 68.716 181
1376106380 69.513 181
1376106410 69.666 242
1376106440 68.892 0
1376106470 69.518 60
1376106500 69.613 60
1376106530 69.735 60
1376106560 69.741 121
1376106590 69.771 121
1376106620 69.464 182
