1376103050 231.754 0
1376103080 217.525 0
1376103110 224.313 0
1376103140 234.782 0
1376103170 230.470 0
1376103200 216.347 0
1376103230 214.722 0
1376103260 213.791 0
1376103290 217.102 0
1376103320 225.624 0
1376103350 228.088 0
1376103380 227.780 0
1376103410 224.448 0
1376103440 220.672 0
1376103470 230.935 0
1376103500 213.506 0
1376103530 235.156 0
1376103560 217.344 0
1376103590 223.668 0
1376103620 235.603 0
1376103650 222.947 0
1376103680 229.573 0
1376103710 222.919 0
1376103740 229.158 0
1376103770 236.252 0
1376103800 218.348 0
1376103830 237.900 0
1376103860 209.948 0
1376103890 237.095 0
1376103920 224.223 0
1376103950 223.471 0
1376103980 221.862 0
1376104010 230.017 0
1376104040 221.215 0
1376104070 230.204 0
1376104100 210.396 61
1376104130 219.300 0
1376104160 223.394 0
1376104190 224.947 0
1376104220 220.614 0
1376104250 213.209 0
1376104280 224.198 0
1376104310 228.848 0
1376104340 210.755 0
1376104370 212.476 0
1376104400 214.402 0
1376104430 215.400 0
1376104460 221.896 0
1376104490 224.052 0
1376104520 223.346 0
1376104550 218.196 0
1376104580 221.910 0
1376104610 213.577 0
1376104640 224.216 0
1376104670 225.157 0
1376104700 220.358 0
1376104730 216.345 0
1376104760 234.768 0
1376104790 216.669 0
1376104820 224.187 0
1376104850 223.851 0
1376104880 217.548 0
1376104910 224.297 0
1376104940 234.060 0
1376104970 213.133 0
1376105000 226.093 0
1376105030 229.476 0
1376105060 209.803 0
1376105090 223.434 0
1376105120 223.898 0
1376105150 227.265 0
1376105180 232.857 0
1376105210 226.536 0
1376105240 215.748 0
1376105270 216.507 0
1376105300 214.816 0
1376105330 215.009 0
1376105360 224.981 0
1376105390 222.909 0
1376105420 220.703 0
1376105450 216.465 0
1376105480 224.258 0
1376105510 221.631 0
1376105540 221.341 0
1376105570 227.439 0
1376105600 215.666 0
1376105630 225.100 0
1376105660 229.158 0
1376105690 215.145 0
1376105720 220.469 0
1376105750 222.165 0
1376105780 215.234 0
1376105810 212.132 0
1376105840 225.223 0
1376105870 220.763 0
1376105900 228.366 0
1376105930 236.213 0
1376105960 215.162 0
1376105990 215.353 0
1376106020 224.558 0
1376106050 220.880 0
1376106080 212.074 0
1376106110 214.494 0
1376106140 226.025 0
1376106170 215.430 0
1376106200 216.322 0
1376106230 238.057 0
1376106260 221.218 0
1376106290 224.538 0
1376106320 221.562 0
1376106350 222.810 0
1376106380 213.866 0
1376106410 224.432 0
1376106440 220.051 0
1376106470 227.976 60
1376106500 238.984 0
1376106530 236.153 0
1376106560 214.098 0
1376106590 227.732 0
1376106620 214.228 0
