1376103050 77.188 0
1376103080 77.670 0
1376103110 80.321 0
1376103140 79.856 0
1376103170 77.401 0
1376103200 80.032 0
1376103230 76.310 0
1376103260 78.858 0
1376103290 78.851 0
1376103320 78.591 0
1376103350 78.627 0
1376103380 77.125 60
1376103410 79.857 0
1376103440 79.697 60
1376103470 79.846 0
1376103500 78.575 0
1376103530 76.391 0
1376103560 78.967 62
1376103590 78.258 0
1376103620 79.739 61
1376103650 79.989 0
1376103680 77.416 61
1376103710 77.373 0
1376103740 78.620 62
1376103770 80.144 0
1376103800 78.974 0
1376103830 79.732 0
1376103860 78.133 61
1376103890 76.459 0
1376103920 77.198 62
1376103950 78.521 0
1376103980 78.575 62
1376104010 77.800 0
1376104040 78.921 63
1376104070 77.352 0
1376104100 76.574 61
1376104130 76.512 0
1376104160 76.992 0
1376104190 79.681 0
1376104220 78.327 0
1376104250 78.214 0
1376104280 76.827 0
1376104310 78.906 0
1376104340 78.831 0
1376104370 78.022 61
1376104400 77.163 0
1376104430 78.713 0
1376104460 78.577 0
1376104490 80.284 0
1376104520 77.117 0
1376104550 78.426 0
1376104580 79.591 0
1376104610 78.895 0
1376104640 78.155 0
1376104670 78.169 61
1376104700 78.445 0
1376104730 77.345 61
1376104760 79.523 0
1376104790 79.768 61
1376104820 79.730 0
1376104850 76.568 61
1376104880 78.428 0
1376104910 78.582 0
1376104940 79.717 0
1376104970 78.544 0
1376105000 77.976 0
1376105030 77.409 0
1376105060 76.513 0
1376105090 76.564 61
1376105120 77.581 0
1376105150 78.705 61
1376105180 79.582 0
1376105210 78.495 61
1376105240 79.336 0
1376105270 78.889 61
1376105300 78.401 0
1376105330 77.883 61
1376105360 77.979 0
1376105390 78.735 60
1376105420 76.970 0
1376105450 76.546 60
1376105480 78.581 0
1376105510 79.709 61
1376105540 77.351 0
1376105570 77.770 60
1376105600 76.271 0
1376105630 79.066 60
1376105660 76.980 0
1376105690 77.094 60
1376105720 79.765 0
1376105750 80.127 0
1376105780 79.558 0
1376105810 79.032 60
1376105840 79.072 0
1376105870 80.755 61
1376105900 76.051 0
1376105930 78.988 60
1376105960 77.327 0
1376105990 78.606 60
1376106020 76.257 0
1376106050 80.890 60
1376106080 76.957 0
1376106110 78.896 0
1376106140 78.220 0
1376106170 75.734 60
1376106200 78.469 0
1376106230 77.201 60
1376106260 78.308 0
1376106290 76.862 60
1376106320 77.388 0
1376106350 79.470 61
1376106380 77.529 0
1376106410 77.285 61
1376106440 78.588 0
1376106470 75.901 60
1376106500 76.218 0
1376106530 76.621 0
1376106560 78.389 61
1376106590 76.656 0
1376106620 77.404 0
