1376103050 68.104 0
1376103080 67.623 0
1376103110 68.549 0
1376103140 68.052 0
1376103170 68.674 0
1376103200 67.136 0
1376103230 67.569 0
1376103260 66.617 0
1376103290 67.466 0
1376103320 67.001 0
1376103350 68.550 0
1376103380 67.695 60
1376103410 67.386 0
1376103440 66.784 60
1376103470 68.471 0
1376103500 67.678 0
1376103530 69.069 0
1376103560 67.318 62
1376103590 68.129 0
1376103620 67.728 61
1376103650 68.338 0
1376103680 68.153 61
1376103710 68.487 0
1376103740 67.725 62
1376103770 68.357 0
1376103800 68.409 0
1376103830 69.394 0
1376103860 67.913 61
1376103890 68.517 0
1376103920 68.231 62
1376103950 68.610 0
1376103980 68.057 62
1376104010 68.588 0
1376104040 68.357 63
1376104070 67.311 0
1376104100 67.607 61
1376104130 67.684 0
1376104160 67.263 0
1376104190 68.137 0
1376104220 68.509 0
1376104250 69.261 0
1376104280 69.023 0
1376104310 66.922 0
1376104340 66.918 0
1376104370 68.271 61
1376104400 69.102 0
1376104430 68.058 0
1376104460 68.375 0
1376104490 67.308 0
1376104520 67.036 0
1376104550 67.620 0
1376104580 68.173 0
1376104610 67.045 0
1376104640 69.056 0
1376104670 67.635 61
1376104700 67.205 0
1376104730 67.700 61
1376104760 67.547 0
1376104790 67.492 61
1376104820 68.437 0
1376104850 68.285 61
1376104880 68.388 0
1376104910 67.517 0
1376104940 67.751 0
1376104970 68.430 0
1376105000 67.893 0
1376105030 67.377 0
1376105060 67.767 0
1376105090 67.454 61
1376105120 68.412 0
1376105150 67.942 61
1376105180 68.623 0
1376105210 67.150 61
1376105240 68.311 0
1376105270 68.434 61
1376105300 68.101 0
1376105330 67.508 61
1376105360 67.601 0
1376105390 68.000 60
1376105420 68.092 0
1376105450 67.259 60
1376105480 68.289 0
1376105510 67.153 61
1376105540 68.145 0
1376105570 66.540 60
1376105600 67.978 0
1376105630 68.116 60
1376105660 68.213 0
1376105690 66.984 60
1376105720 67.667 0
1376105750 68.109 0
1376105780 67.249 0
1376105810 68.561 60
1376105840 68.440 0
1376105870 69.529 61
1376105900 68.419 0
1376105930 68.129 60
1376105960 69.293 0
1376105990 67.999 60
1376106020 68.182 0
1376106050 68.663 60
1376106080 68.481 0
1376106110 68.410 0
1376106140 68.053 0
1376106170 66.887 60
1376106200 66.997 0
1376106230 67.454 60
1376106260 67.267 0
1376106290 66.412 60
1376106320 68.393 0
1376106350 68.159 61
1376106380 68.038 0
1376106410 66.641 61
1376106440 67.517 0
1376106470 67.855 60
1376106500 68.541 0
1376106530 67.611 0
1376106560 67.538 61
1376106590 67.678 0
1376106620 67.864 0
