1376103050 35.453 0
1376103080 30.038 0
1376103110 29.650 0
1376103140 32.127 0
1376103170 30.106 0
1376103200 30.877 0
1376103230 29.862 0
1376103260 29.795 0
1376103290 30.299 0
1376103320 32.238 0
1376103350 29.152 0
1376103380 29.739 0
1376103410 30.234 0
1376103440 30.320 0
1376103470 30.251 0
1376103500 30.982 0
1376103530 29.907 0
1376103560 30.259 0
1376103590 31.998 0
1376103620 31.944 0
1376103650 31.010 0
1376103680 31.705 0
1376103710 31.331 0
1376103740 30.324 0
1376103770 30.440 0
1376103800 29.595 0
1376103830 32.950 0
1376103860 35.044 0
1376103890 30.270 0
1376103920 29.831 0
1376103950 30.217 0
1376103980 32.847 0
1376104010 29.711 0
1376104040 32.151 0
1376104070 30.462 0
1376104100 30.179 61
1376104130 30.555 0
1376104160 29.901 0
1376104190 32.668 0
1376104220 30.787 0
1376104250 31.330 0
1376104280 30.326 0
1376104310 32.403 0
1376104340 31.386 0
1376104370 34.852 0
1376104400 32.446 0
1376104430 30.451 0
1376104460 31.460 0
1376104490 30.447 0
1376104520 30.345 0
1376104550 28.951 0
1376104580 33.071 0
1376104610 31.083 0
1376104640 31.844 0
1376104670 29.992 0
1376104700 29.986 0
1376104730 29.891 0
1376104760 32.602 0
1376104790 29.481 0
1376104820 30.102 0
1376104850 31.479 0
1376104880 30.674 0
1376104910 35.155 0
1376104940 29.547 0
1376104970 30.030 0
1376105000 30.494 0
1376105030 29.573 0
1376105060 30.688 0
1376105090 29.523 0
1376105120 29.458 0
1376105150 32.615 0
1376105180 29.474 0
1376105210 29.499 0
1376105240 30.152 0
1376105270 32.323 0
1376105300 29.781 0
1376105330 30.296 0
1376105360 29.725 0
1376105390 29.568 0
1376105420 42.339 0
1376105450 31.081 0
1376105480 31.308 0
1376105510 30.709 0
1376105540 31.193 0
1376105570 30.339 0
1376105600 29.218 0
1376105630 32.747 0
1376105660 30.515 0
1376105690 30.330 0
1376105720 30.198 0
1376105750 31.009 0
1376105780 29.488 0
1376105810 29.631 0
1376105840 30.416 0
1376105870 30.711 0
1376105900 30.198 0
1376105930 29.212 0
1376105960 29.871 0
1376105990 29.953 0
1376106020 30.640 0
1376106050 30.367 0
1376106080 29.221 0
1376106110 29.857 0
1376106140 30.348 0
1376106170 29.777 0
1376106200 30.372 0
1376106230 28.824 0
1376106260 31.071 0
1376106290 30.398 0
1376106320 30.690 0
1376106350 29.753 0
1376106380 28.931 0
1376106410 31.053 0
1376106440 29.596 0
1376106470 29.466 60
1376106500 29.930 0
1376106530 30.180 0
1376106560 30.166 0
1376106590 30.239 0
1376106620 30.561 0
1376106650 29.217 0
1376106680 29.139 0
1376106710 31.177 0
1376106740 29.420 0
1376106770 29.950 0
1376106800 29.358 0
1376106830 30.690 0
1376106860 31.083 0
1376106890 30.615 0
1376106920 35.544 0
1376106950 30.139 0
1376106980 30.021 0
1376107010 29.613 0
1376107040 30.159 0
1376107070 29.521 0
1376107100 30.180 0
1376107130 30.592 0
1376107160 29.254 0
1376107190 31.212 0
1376107220 30.365 0
1376107250 29.450 0
1376107280 30.108 0
1376107310 29.699 0
1376107340 30.527 0
1376107370 30.799 0
1376107400 31.404 0
1376107430 30.774 0
1376107460 30.402 0
1376107490 30.318 0
1376107520 30.251 0
1376107550 30.985 0
1376107580 29.341 0
1376107610 30.143 0
1376107640 30.662 0
1376107670 30.789 0
1376107700 30.998 0
1376107730 31.264 0
1376107760 32.436 0
1376107790 30.359 0
1376107820 29.517 0
1376107850 30.433 0
1376107880 29.105 0
1376107910 29.676 0
1376107940 29.692 0
1376107970 29.945 0
1376108000 29.893 0
1376108030 30.320 0
1376108060 29.571 0
1376108090 30.228 0
1376108120 29.346 0
1376108150 30.920 0
1376108180 29.321 0
1376108210 30.297 0
1376108240 30.283 0
1376108270 30.667 0
1376108300 30.981 0
1376108330 29.580 0
1376108360 29.620 0
1376108390 30.176 0
1376108420 30.284 0
1376108450 30.448 0
1376108480 30.978 0
1376108510 30.684 0
1376108540 29.803 0
1376108570 30.263 0
1376108600 31.006 0
1376108630 29.296 0
1376108660 29.420 0
1376108690 30.135 0
1376108720 29.772 0
1376108750 32.187 0
1376108780 30.418 0
1376108810 30.647 0
1376108840 29.178 0
1376108870 30.426 0
1376108900 29.954 0
1376108930 29.214 0
1376108960 29.292 0
1376108990 30.210 0
1376109020 30.323 0
1376109050 30.045 0
1376109080 30.688 0
1376109110 29.083 0
1376109140 29.651 0
1376109170 28.960 0
1376109200 30.706 0
1376109230 30.600 0
1376109260 31.228 0
1376109290 31.401 0
1376109320 30.305 0
1376109350 30.771 0
1376109380 30.752 0
1376109410 30.356 0
1376109440 29.837 0
1376109470 30.130 0
1376109500 30.109 0
1376109530 30.482 0
1376109560 30.892 0
1376109590 29.774 0
1376109620 30.185 0
1376109650 30.472 0
1376109680 30.580 0
1376109710 30.233 0
1376109740 29.467 0
1376109770 31.859 0
1376109800 30.512 0
1376109830 30.284 0
1376109860 31.345 0
1376109890 29.985 0
1376109920 29.119 0
1376109950 30.212 0
1376109980 30.466 61
1376110010 31.159 0
1376110040 29.499 0
1376110070 30.016 0
1376110100 30.826 0
1376110130 30.709 0
1376110160 31.453 0
1376110190 30.573 0
1376110220 30.825 0
1376110250 30.585 0
1376110280 31.662 0
1376110310 29.813 0
1376110340 31.591 0
1376110370 29.444 0
1376110400 30.264 0
1376110430 30.765 0
1376110460 30.834 0
1376110490 29.800 0
1376110520 29.899 0
1376110550 30.618 0
1376110580 29.794 0
1376110610 31.130 0
1376110640 30.481 0
1376110670 31.247 0
1376110700 29.931 0
1376110730 30.814 0
1376110760 28.919 0
1376110790 30.919 0
1376110820 29.931 0
1376110850 30.147 0
1376110880 30.218 0
1376110910 31.150 0
1376110940 31.429 0
1376110970 30.083 0
1376111000 30.119 0
1376111030 30.418 0
1376111060 31.091 0
1376111090 29.412 0
1376111120 29.741 0
1376111150 30.435 0
1376111180 30.676 0
1376111210 31.078 0
1376111240 29.653 0
1376111270 32.139 0
1376111300 30.052 0
1376111330 36.781 0
1376111360 30.921 0
1376111390 29.506 0
1376111420 31.038 0
1376111450 29.965 0
1376111480 30.516 0
1376111510 30.717 0
1376111540 31.217 0
1376111570 30.853 0
1376111600 30.093 0
1376111630 30.165 0
1376111660 30.943 0
1376111690 31.443 0
1376111720 30.558 0
1376111750 29.777 0
1376111780 29.784 0
1376111810 30.063 0
1376111840 29.565 0
1376111870 31.134 0
1376111900 29.780 0
1376111930 30.660 0
1376111960 32.605 0
1376111990 31.246 0
1376112020 29.901 0
1376112050 29.865 0
1376112080 30.894 0
1376112110 30.867 0
1376112140 31.250 0
1376112170 31.363 0
1376112200 29.808 0
1376112230 30.434 0
1376112260 30.653 0
1376112290 30.082 0
1376112320 30.235 0
1376112350 31.364 0
1376112380 30.739 0
1376112410 31.126 0
1376112440 31.155 0
1376112470 31.470 0
1376112500 30.051 0
1376112530 29.600 0
1376112560 30.618 0
1376112590 30.871 0
1376112620 29.334 0
1376112650 29.685 0
1376112680 30.520 0
1376112710 30.737 0
1376112740 31.628 0
1376112770 29.538 0
1376112800 29.776 0
1376112830 30.799 0
1376112860 30.161 0
1376112890 31.054 0
1376112920 32.327 0
1376112950 30.003 0
1376112980 31.524 0
1376113010 30.327 0
1376113040 30.798 0
1376113070 36.945 0
1376113100 32.070 0
1376113130 30.237 0
1376113160 32.261 0
1376113190 233.506 0
1376113220 32.155 0
1376113250 35.980 0
1376113280 36.056 0
1376113310 29.905 0
1376113340 30.938 0
1376113370 30.942 0
1376113400 29.776 0
1376113430 29.662 0
1376113460 30.752 0
1376113490 29.661 0
1376113520 30.614 0
1376113550 29.738 0
1376113580 31.048 0
1376113610 30.162 0
1376113640 30.274 0
1376113670 30.754 0
1376113700 29.740 0
1376113730 29.727 0
1376113760 33.295 0
1376113790 30.916 0
1376113820 30.109 0
1376113850 30.176 0
1376113880 30.019 0
1376113910 32.986 0
1376113940 32.602 0
1376113970 32.035 0
1376114000 32.985 0
1376114030 31.148 0
1376114060 32.303 0
1376114090 30.487 0
1376114120 32.352 0
1376114150 33.371 0
1376114180 29.102 0
1376114210 30.530 0
1376114240 29.057 0
1376114270 29.338 0
1376114300 33.748 0
1376114330 29.653 0
1376114360 31.392 0
1376114390 29.199 0
1376114420 30.847 0
1376114450 29.369 0
1376114480 30.740 0
1376114510 30.092 0
1376114540 30.253 0
1376114570 29.248 0
1376114600 29.737 0
1376114630 29.995 0
1376114660 29.612 0
1376114690 30.638 0
1376114720 29.553 0
1376114750 28.702 0
1376114780 29.878 0
1376114810 30.444 0
1376114840 30.498 0
1376114870 29.004 0
1376114900 29.351 0
1376114930 30.145 0
1376114960 30.395 0
1376114990 30.723 0
1376115020 30.997 0
1376115050 31.263 0
1376115080 30.243 0
1376115110 29.833 0
1376115140 29.832 0
1376115170 30.006 0
1376115200 30.566 0
1376115230 31.087 0
1376115260 30.613 0
1376115290 30.614 0
1376115320 29.056 0
1376115350 31.201 0
1376115380 31.330 0
1376115410 29.341 0
1376115440 30.497 0
1376115470 30.940 0
1376115500 30.710 0
1376115530 29.597 0
1376115560 31.015 0
1376115590 30.353 0
1376115620 30.015 0
1376115650 30.019 0
1376115680 29.880 0
1376115710 29.841 0
1376115740 29.343 0
1376115770 29.892 0
1376115800 30.175 0
1376115830 31.291 0
1376115860 29.686 0
1376115890 31.957 0
1376115920 31.059 0
1376115950 31.270 0
1376115980 31.791 0
1376116010 29.875 0
1376116040 30.770 0
1376116070 32.074 0
1376116100 31.268 60
1376116130 33.266 0
1376116160 29.800 60
1376116190 31.102 0
1376116220 31.022 60
1376116250 29.439 0
1376116280 30.884 60
1376116310 31.484 0
1376116340 30.035 60
1376116370 30.936 0
1376116400 30.242 61
1376116430 30.690 0
1376116460 30.394 60
1376116490 31.829 0
1376116520 30.377 60
1376116550 31.091 0
1376116580 29.914 60
1376116610 30.828 0
1376116640 30.849 60
1376116670 29.199 0
1376116700 28.885 60
1376116730 33.399 0
1376116760 30.756 60
1376116790 30.184 0
1376116820 28.903 60
1376116850 29.609 0
1376116880 29.836 60
1376116910 29.832 0
1376116940 30.638 60
1376116970 30.383 0
1376117000 31.217 0
1376117030 29.743 0
1376117060 29.954 0
1376117090 30.283 0
1376117120 30.958 0
1376117150 31.626 0
1376117180 31.970 0
1376117210 31.546 0
1376117240 31.415 0
1376117270 31.567 0
1376117300 31.545 0
1376117330 29.671 0
1376117360 31.670 0
1376117390 31.322 0
1376117420 30.596 0
1376117450 30.930 0
1376117480 31.205 0
1376117510 31.582 0
1376117540 30.103 0
1376117570 30.940 0
1376117600 30.706 0
1376117630 29.370 0
1376117660 31.258 0
1376117690 29.671 0
1376117720 30.360 0
1376117750 29.106 0
1376117780 30.424 0
1376117810 30.263 0
1376117840 30.539 0
1376117870 31.099 0
1376117900 31.127 0
1376117930 30.216 0
1376117960 32.476 0
1376117990 32.407 0
1376118020 31.722 0
1376118050 32.773 0
1376118080 37.041 0
1376118110 32.365 0
1376118140 31.557 0
1376118170 33.003 0
1376118200 30.994 0
1376118230 31.718 0
1376118260 32.306 0
1376118290 33.212 0
1376118320 31.988 0
1376118350 32.974 0
1376118380 29.901 0
1376118410 31.197 0
1376118440 30.289 0
1376118470 30.912 0
1376118500 29.483 0
1376118530 29.456 0
1376118560 29.826 0
1376118590 28.903 0
1376118620 30.002 0
1376118650 29.352 0
1376118680 29.401 0
1376118710 29.933 0
1376118740 29.500 0
1376118770 29.640 0
1376118800 33.232 0
1376118830 31.789 0
1376118860 29.838 0
1376118890 33.423 0
1376118920 33.125 0
1376118950 33.371 0
1376118980 33.876 0
1376119010 30.154 0
1376119040 31.488 0
1376119070 32.891 0
1376119100 29.073 0
1376119130 33.593 0
1376119160 33.231 0
1376119190 32.226 0
1376119220 30.523 0
1376119250 30.226 0
1376119280 29.679 0
1376119310 29.989 0
1376119340 29.525 0
1376119370 30.086 0
1376119400 30.283 0
1376119430 30.811 0
1376119460 30.845 0
1376119490 30.322 0
1376119520 30.620 0
1376119550 30.573 0
1376119580 30.626 0
1376119610 31.142 0
1376119640 30.852 0
1376119670 33.007 0
1376119700 33.361 0
1376119730 29.539 0
1376119760 33.305 0
1376119790 33.741 0
1376119820 33.102 0
1376119850 28.966 0
1376119880 29.335 0
1376119910 34.655 0
1376119940 33.685 0
1376119970 34.030 0
1376120000 33.847 0
1376120030 29.561 0
1376120060 30.064 0
1376120090 30.256 0
1376120120 30.195 0
1376120150 30.935 61
1376120180 31.232 0
1376120210 29.784 0
1376120240 29.735 0
1376120270 30.167 0
1376120300 30.404 0
1376120330 29.123 0
1376120360 31.353 0
1376120390 29.716 0
1376120420 30.897 0
1376120450 30.905 0
1376120480 34.816 0
1376120510 30.096 0
1376120540 30.227 0
1376120570 34.904 0
1376120600 30.713 0
1376120630 29.688 0
1376120660 29.716 0
1376120690 30.123 0
1376120720 35.173 0
1376120750 28.672 0
1376120780 31.062 0
1376120810 29.098 0
1376120840 29.738 0
1376120870 29.761 0
1376120900 29.865 0
1376120930 30.266 0
1376120960 28.965 0
1376120990 29.598 0
1376121020 30.032 0
