1376103050 79.512 0
1376103080 81.037 0
1376103110 80.482 0
1376103140 80.794 0
1376103170 80.084 0
1376103200 79.801 0
1376103230 80.571 0
1376103260 80.327 0
1376103290 80.956 0
1376103320 80.957 0
1376103350 80.188 0
1376103380 80.438 0
1376103410 80.684 0
1376103440 80.075 0
1376103470 80.078 0
1376103500 80.005 0
1376103530 79.215 0
1376103560 80.429 0
1376103590 80.105 0
1376103620 80.755 0
1376103650 80.717 0
1376103680 80.539 0
1376103710 80.601 0
1376103740 79.677 0
1376103770 79.882 0
1376103800 79.936 0
1376103830 80.610 0
1376103860 81.332 0
1376103890 79.434 0
1376103920 79.985 0
1376103950 80.001 0
1376103980 80.512 0
1376104010 80.144 0
1376104040 81.249 0
1376104070 80.004 0
1376104100 80.601 61
1376104130 80.401 0
1376104160 81.166 0
1376104190 80.544 0
1376104220 79.447 0
1376104250 80.095 0
1376104280 84.052 0
1376104310 80.960 0
1376104340 80.600 0
1376104370 81.060 0
1376104400 79.695 0
1376104430 79.288 0
1376104460 80.901 0
1376104490 80.810 0
1376104520 79.330 0
1376104550 80.675 0
1376104580 79.401 0
1376104610 80.218 0
1376104640 80.614 0
1376104670 80.539 0
1376104700 97.929 0
1376104730 79.902 0
1376104760 81.232 0
1376104790 80.994 0
1376104820 80.652 0
1376104850 80.490 0
1376104880 79.386 0
1376104910 80.237 0
1376104940 80.793 0
1376104970 79.733 0
1376105000 80.912 0
1376105030 79.956 0
1376105060 80.037 0
1376105090 81.082 0
1376105120 78.824 0
1376105150 89.093 0
1376105180 80.004 0
1376105210 80.496 0
1376105240 81.250 0
1376105270 79.666 0
1376105300 81.365 0
1376105330 80.113 0
1376105360 81.196 0
1376105390 80.798 0
1376105420 79.214 0
1376105450 80.147 0
1376105480 79.046 0
1376105510 78.629 0
1376105540 81.172 0
1376105570 81.229 0
1376105600 80.476 0
1376105630 80.026 0
1376105660 80.515 0
1376105690 79.856 0
1376105720 80.871 0
1376105750 80.389 0
1376105780 81.007 0
1376105810 80.625 0
1376105840 79.139 0
1376105870 80.966 0
1376105900 79.827 0
1376105930 80.867 0
1376105960 81.267 0
1376105990 80.626 0
1376106020 91.170 0
1376106050 81.105 0
1376106080 80.353 0
1376106110 79.833 0
1376106140 81.522 0
1376106170 79.974 0
1376106200 80.603 0
1376106230 81.270 0
1376106260 79.845 0
1376106290 80.174 0
1376106320 80.772 0
1376106350 81.099 0
1376106380 80.543 0
1376106410 92.260 0
1376106440 79.052 0
1376106470 80.539 60
1376106500 80.893 0
1376106530 80.526 0
1376106560 80.175 0
1376106590 104.188 0
1376106620 80.625 0
