1376103050 48.592 0
1376103080 8.927 0
1376103110 9.026 0
1376103140 8.675 0
1376103170 8.846 0
1376103200 8.772 0
1376103230 9.106 0
1376103260 8.742 0
1376103290 9.430 0
1376103320 9.161 0
1376103350 8.847 0
1376103380 8.450 0
1376103410 9.158 0
1376103440 8.499 0
1376103470 9.079 0
1376103500 9.125 0
1376103530 8.777 0
1376103560 9.221 0
1376103590 9.065 0
1376103620 9.248 0
1376103650 9.397 0
1376103680 8.891 0
1376103710 8.705 0
1376103740 8.446 0
1376103770 8.861 0
1376103800 8.308 0
1376103830 9.169 0
1376103860 8.722 0
1376103890 9.063 0
1376103920 8.442 0
1376103950 8.789 0
1376103980 8.715 0
1376104010 9.164 0
1376104040 8.886 0
1376104070 8.424 0
1376104100 8.914 61
1376104130 9.133 0
1376104160 8.698 0
1376104190 8.964 0
1376104220 8.559 0
1376104250 8.976 0
1376104280 9.507 0
1376104310 8.789 0
1376104340 8.447 0
1376104370 8.664 0
1376104400 9.270 0
1376104430 8.659 0
1376104460 8.708 0
1376104490 9.430 0
1376104520 8.743 0
1376104550 9.209 0
1376104580 9.356 0
1376104610 9.151 0
1376104640 9.189 0
1376104670 9.129 0
1376104700 9.130 0
1376104730 8.922 0
1376104760 9.167 0
1376104790 8.995 0
1376104820 8.683 0
1376104850 8.701 0
1376104880 8.406 0
1376104910 8.577 0
1376104940 9.370 0
1376104970 8.832 0
1376105000 8.559 0
1376105030 9.249 0
1376105060 8.651 0
1376105090 8.436 0
1376105120 8.575 0
1376105150 8.352 0
1376105180 9.298 0
1376105210 8.549 0
1376105240 9.192 0
1376105270 9.483 0
1376105300 9.108 0
1376105330 9.321 0
1376105360 8.690 0
1376105390 9.083 0
1376105420 8.489 0
1376105450 9.005 0
1376105480 8.390 0
1376105510 8.350 0
1376105540 8.762 0
1376105570 8.942 0
1376105600 9.273 0
1376105630 8.149 0
1376105660 9.175 0
1376105690 8.646 0
1376105720 8.463 0
1376105750 9.723 0
1376105780 8.971 0
1376105810 8.912 -60
1376105840 9.063 0
1376105870 9.458 0
1376105900 11.162 0
1376105930 8.989 0
1376105960 8.686 0
1376105990 9.038 0
1376106020 9.141 0
1376106050 9.465 0
1376106080 8.290 0
1376106110 8.885 0
1376106140 10.196 0
1376106170 8.905 0
1376106200 8.571 0
1376106230 9.201 0
1376106260 9.438 0
1376106290 8.439 0
1376106320 8.658 0
1376106350 9.311 0
1376106380 9.220 0
1376106410 8.478 0
1376106440 9.075 0
1376106470 9.059 60
1376106500 8.718 0
1376106530 8.820 0
1376106560 9.255 0
1376106590 8.590 0
1376106620 8.298 0
1376106650 8.738 0
1376106680 8.753 -60
1376106710 8.549 0
1376106740 9.230 0
1376106770 8.766 0
1376106800 8.971 0
1376106830 8.688 0
1376106860 9.606 0
1376106890 9.194 0
1376106920 8.612 0
1376106950 8.768 0
1376106980 8.431 0
1376107010 8.495 0
1376107040 9.154 0
1376107070 8.611 0
1376107100 9.131 0
1376107130 8.940 0
1376107160 8.398 0
1376107190 9.306 0
1376107220 9.364 0
1376107250 8.729 0
1376107280 8.984 0
1376107310 9.183 0
1376107340 8.868 0
1376107370 9.183 0
1376107400 9.428 0
1376107430 8.326 0
1376107460 9.284 0
1376107490 8.828 0
1376107520 9.068 0
1376107550 8.604 0
1376107580 8.899 0
1376107610 8.437 0
1376107640 8.984 0
1376107670 9.288 0
1376107700 8.749 0
1376107730 8.565 0
1376107760 8.828 0
1376107790 8.721 0
1376107820 8.396 0
1376107850 9.212 0
1376107880 9.173 0
1376107910 8.553 0
1376107940 8.686 0
1376107970 8.705 0
1376108000 8.983 0
1376108030 9.486 0
1376108060 8.861 0
1376108090 9.221 0
1376108120 8.709 0
1376108150 8.911 0
1376108180 8.380 0
1376108210 9.243 0
1376108240 8.704 0
1376108270 8.880 0
1376108300 9.107 0
1376108330 9.413 0
1376108360 9.110 0
1376108390 8.205 0
1376108420 8.479 0
1376108450 9.368 0
1376108480 8.533 0
1376108510 8.831 0
1376108540 8.407 0
1376108570 9.190 0
1376108600 8.833 0
1376108630 8.774 0
1376108660 9.309 0
1376108690 8.667 0
1376108720 8.776 0
1376108750 8.937 0
1376108780 9.053 0
1376108810 8.872 0
1376108840 8.905 0
1376108870 9.407 0
1376108900 8.903 0
1376108930 8.542 0
1376108960 8.714 0
1376108990 8.875 0
1376109020 9.315 0
1376109050 9.107 0
1376109080 9.049 0
1376109110 8.385 0
1376109140 8.870 0
1376109170 8.524 0
1376109200 8.889 0
1376109230 9.046 0
1376109260 9.058 0
1376109290 8.947 0
1376109320 8.675 0
1376109350 9.063 0
1376109380 8.690 0
1376109410 9.348 0
1376109440 9.645 0
1376109470 8.945 0
1376109500 8.950 0
1376109530 9.022 0
1376109560 8.543 0
1376109590 9.562 0
1376109620 8.960 0
1376109650 9.578 0
1376109680 8.546 0
1376109710 9.189 0
1376109740 8.354 0
1376109770 9.004 0
1376109800 8.433 0
1376109830 8.511 0
1376109860 9.253 0
1376109890 8.657 0
1376109920 9.260 0
1376109950 8.303 0
1376109980 8.912 61
1376110010 8.369 0
1376110040 9.182 0
1376110070 9.178 0
1376110100 8.873 0
1376110130 9.365 0
1376110160 8.707 0
1376110190 9.160 0
1376110220 9.416 0
1376110250 8.706 0
