1376103050 128.838 0
1376103080 15.724 60
1376103110 15.068 60
1376103140 44.398 0
1376103170 15.497 0
1376103200 15.552 60
1376103230 45.825 0
1376103260 15.006 61
1376103290 15.996 61
1376103320 46.335 0
1376103350 15.158 0
1376103380 15.536 60
1376103410 43.937 0
1376103440 19.156 60
1376103470 15.470 60
1376103500 46.234 0
1376103530 15.453 0
1376103560 17.023 62
1376103590 44.467 0
1376103620 15.536 61
1376103650 18.388 61
1376103680 44.602 0
1376103710 15.538 0
1376103740 15.557 62
1376103770 43.734 0
1376103800 15.870 61
1376103830 15.702 61
1376103860 44.148 0
1376103890 15.479 0
1376103920 15.062 62
1376103950 52.777 0
1376103980 14.744 62
1376104010 17.653 62
1376104040 44.196 0
1376104070 15.369 0
1376104100 15.933 61
1376104130 46.147 0
1376104160 15.850 0
1376104190 15.393 61
1376104220 44.445 0
1376104250 16.526 61
1376104280 14.474 61
1376104310 42.020 0
1376104340 15.705 0
1376104370 15.556 61
1376104400 46.086 0
1376104430 14.791 63
1376104460 16.011 63
1376104490 44.457 0
1376104520 15.551 0
1376104550 15.701 61
1376104580 43.856 0
1376104610 15.704 62
1376104640 15.047 62
1376104670 47.727 0
1376104700 17.497 0
1376104730 15.090 61
1376104760 44.063 0
1376104790 15.748 61
1376104820 18.964 61
1376104850 53.236 0
1376104880 15.539 0
1376104910 15.084 62
1376104940 44.266 0
1376104970 15.566 62
1376105000 15.206 62
1376105030 44.315 0
1376105060 18.002 0
1376105090 15.570 61
1376105120 46.049 0
1376105150 15.503 61
1376105180 16.463 61
1376105210 46.173 0
1376105240 15.058 0
1376105270 15.317 61
1376105300 46.013 0
1376105330 15.480 61
1376105360 15.154 61
1376105390 46.075 0
1376105420 14.539 0
1376105450 17.398 60
1376105480 43.731 0
1376105510 14.888 61
1376105540 15.060 61
1376105570 46.169 0
1376105600 15.633 0
1376105630 14.961 60
1376105660 44.032 0
1376105690 15.434 60
1376105720 15.453 60
1376105750 43.878 0
1376105780 14.916 0
1376105810 15.396 60
1376105840 42.291 0
1376105870 15.505 61
1376105900 15.499 61
1376105930 48.744 0
1376105960 15.644 0
1376105990 15.586 60
1376106020 44.589 0
1376106050 15.562 60
1376106080 14.950 60
1376106110 44.749 0
1376106140 16.694 0
1376106170 17.647 60
1376106200 44.439 0
1376106230 15.620 60
1376106260 14.867 60
1376106290 44.043 0
1376106320 15.734 0
1376106350 15.391 61
1376106380 46.600 0
1376106410 15.062 61
1376106440 15.096 61
1376106470 43.982 0
1376106500 16.686 0
1376106530 14.900 0
1376106560 44.607 0
1376106590 15.478 0
1376106620 15.572 61
