1377351683 420.395 2778
1377351713 307.402 2838
1377351743 326.497 2838
1377351773 330.121 2898
1377351803 443.859 2898
1377351833 311.320 2958
1377351863 319.656 2958
1377351893 314.415 3018
1377351923 333.968 3018
1377351953 474.894 3078
1377351983 400.599 3078
1377352013 334.623 3138
1377352043 396.622 3138
1377352073 392.488 3198
1377352103 336.014 3198
1377352133 320.603 3258
1377352163 421.047 3258
1377352193 327.908 3318
1377352223 558.249 3318
1377352253 317.767 3378
1377352283 313.765 3378
1377352313 612.304 3439
1377352343 309.200 3439
1377352373 332.287 241
1377352403 326.043 241
1377352433 342.207 301
1377352463 316.501 301
1377352493 331.752 362
1377352523 328.881 362
1377352553 454.837 422
1377352583 319.790 422
1377352613 323.659 482
1377352643 320.410 482
1377352673 331.982 543
1377352703 325.806 543
1377352733 328.960 604
1377352763 332.143 604
1377352793 320.977 665
1377352823 336.770 665
1377352853 326.502 725
1377352883 330.209 725
1377352913 317.674 785
1377352943 309.003 785
1377352973 326.280 845
1377353003 440.564 845
1377353033 427.031 907
1377353063 332.709 907
1377353093 492.896 969
1377353123 313.630 969
1377353153 453.137 1031
1377353183 311.315 1031
1377353213 497.740 1093
1377353243 327.637 1093
1377353273 332.715 1155
1377353303 304.015 1155
1377353333 329.446 1221
1377353363 411.516 1221
1377353393 452.510 1283
1377353423 361.210 1283
1377353453 324.379 1283
1377353483 367.100 1345
1377353513 321.745 1345
1377353543 311.026 1406
1377353573 317.096 1406
1377353603 327.204 1468
1377353633 328.351 1468
1377353663 375.196 1531
1377353693 328.717 1531
1377353723 415.770 1593
1377353753 320.326 1593
1377353783 581.988 1654
1377353813 448.243 1654
1377353843 320.295 1715
1377353873 1142.323 1715
1377353903 316.703 1777
1377353933 439.894 1777
1377353963 323.408 1839
1377353993 331.756 1839
1377354023 328.375 1901
1377354053 874.684 1901
1377354083 325.355 1963
1377354113 310.435 1963
1377354143 306.593 2025
1377354173 334.412 2025
1377354203 355.886 2086
1377354233 321.323 2086
1377354263 317.219 2148
1377354293 422.396 2148
1377354323 328.914 2210
1377354353 321.642 2210
1377354383 326.363 2272
1377354413 430.393 2272
1377354443 359.137 2333
1377354473 335.384 2333
1377354503 328.664 2394
1377354533 326.057 2394
1377354563 449.594 2394
1377354593 355.724 2455
1377354623 333.951 2455
1377354653 332.121 2516
1377354683 304.402 2516
1377354713 402.522 2577
1377354743 367.140 2577
1377354773 338.284 2637
1377354803 329.273 2637
1377354833 325.500 2698
1377354863 327.232 2698
1377354893 332.620 2758
1377354923 379.287 2758
1377354953 310.200 2818
1377354983 324.891 2818
1377355013 362.768 2878
1377355043 373.503 2878
1377355073 318.649 2939
1377355103 318.275 2939
1377355133 325.204 2999
1377355163 316.270 2999
1377355193 328.992 3060
1377355223 316.595 3060
1377355253 312.994 3120
