1377351683 17.672 61
1377351713 16.325 60
1377351743 16.805 60
1377351773 17.944 120
1377351803 15.881 120
1377351833 16.974 0
1377351863 16.645 0
1377351893 16.867 60
1377351923 16.637 60
1377351953 16.576 0
1377351983 17.480 0
1377352013 16.702 60
1377352043 17.369 60
1377352073 16.550 0
1377352103 16.971 0
1377352133 17.340 60
1377352163 18.622 60
1377352193 18.594 0
1377352223 17.158 0
1377352253 17.137 60
1377352283 17.768 60
1377352313 16.238 0
1377352343 16.822 0
1377352373 17.835 60
1377352403 15.555 60
1377352433 18.051 120
1377352463 16.171 0
1377352493 17.210 61
1377352523 17.939 61
1377352553 16.997 0
1377352583 20.024 0
1377352613 17.655 60
1377352643 15.882 60
1377352673 16.782 121
1377352703 16.836 121
1377352733 17.466 182
1377352763 15.811 0
1377352793 15.574 0
1377352823 17.138 0
1377352853 17.381 60
1377352883 16.110 60
1377352913 15.852 120
1377352943 16.503 120
1377352973 16.752 180
1377353003 15.675 0
1377353033 18.356 62
1377353063 16.840 62
1377353093 17.562 124
1377353123 15.339 124
1377353153 16.524 186
1377353183 16.845 186
1377353213 17.725 248
1377353243 17.830 248
1377353273 15.915 62
1377353303 17.030 62
1377353333 17.246 128
1377353363 18.708 128
1377353393 17.344 190
1377353423 18.752 190
1377353453 17.146 190
1377353483 17.438 252
1377353513 16.118 0
1377353543 17.660 0
1377353573 16.939 0
1377353603 17.062 62
1377353633 16.650 62
1377353663 17.528 125
1377353693 17.458 125
1377353723 16.647 187
1377353753 17.519 187
1377353783 16.693 0
1377353813 17.023 0
1377353843 17.360 61
1377353873 18.902 61
1377353903 15.601 123
1377353933 18.230 123
1377353963 17.367 185
1377353993 19.899 185
1377354023 16.168 62
1377354053 21.242 62
1377354083 17.430 62
1377354113 20.469 62
1377354143 21.392 124
1377354173 16.751 124
1377354203 18.806 185
1377354233 17.937 185
1377354263 16.390 247
1377354293 19.713 0
1377354323 16.508 0
1377354353 17.404 0
1377354383 16.192 62
1377354413 17.103 62
1377354443 17.617 123
1377354473 17.302 123
1377354503 15.833 184
1377354533 17.457 0
1377354563 17.013 0
1377354593 17.412 -61
1377354623 18.360 0
1377354653 15.882 61
1377354683 16.942 61
1377354713 16.811 61
1377354743 17.637 122
1377354773 15.611 0
1377354803 17.609 0
1377354833 17.393 61
1377354863 20.071 0
1377354893 17.379 60
1377354923 19.307 60
1377354953 19.017 120
1377354983 17.000 120
1377355013 17.820 180
1377355043 17.328 0
1377355073 17.139 0
1377355103 15.804 61
1377355133 16.172 121
1377355163 17.024 0
1377355193 17.396 61
1377355223 17.908 61
1377355253 17.061 121
1377355283 17.448 0
1377355313 16.380 60
1377355343 16.742 60
1377355373 17.619 121
1377355403 15.988 121
1377355433 16.987 0
1377355463 17.425 0
1377355493 15.940 61
1377355523 16.977 0
1377355553 18.042 61
1377355583 17.370 61
1377355613 16.179 121
1377355643 16.194 121
1377355673 17.496 182
1377355703 16.964 182
1377355733 17.201 60
1377355763 15.898 60
1377355793 25.415 121
1377355823 17.231 0
1377355853 17.694 60
1377355883 19.113 60
1377355913 17.988 120
1377355943 17.178 120
1377355973 28.538 181
1377356003 15.473 181
1377356033 17.839 241
1377356063 16.991 241
1377356093 17.295 301
1377356123 17.576 301
1377356153 17.101 0
1377356183 17.911 0
1377356213 17.293 60
1377356243 15.451 60
1377356273 16.577 120
1377356303 17.852 120
1377356333 16.544 180
1377356363 17.905 180
1377356393 16.882 0
1377356423 17.397 0
1377356453 17.586 63
1377356483 17.589 63
1377356513 16.099 124
1377356543 17.511 124
1377356573 17.081 184
1377356603 15.141 184
1377356633 16.965 0
1377356663 16.881 0
1377356693 16.972 61
1377356723 17.400 61
1377356753 15.773 123
1377356783 16.351 123
1377356813 17.210 183
1377356843 17.899 183
1377356873 17.380 243
1377356903 16.317 0
1377356933 16.243 61
1377356963 16.597 0
1377356993 15.275 60
1377357023 17.458 60
1377357053 17.615 120
1377357083 18.452 120
1377357113 16.893 180
1377357143 16.350 0
1377357173 16.841 60
1377357203 17.137 60
1377357233 15.098 0
1377357263 17.040 0
1377357293 16.833 62
1377357323 17.742 62
1377357353 19.643 122
1377357383 15.510 0
1377357413 16.865 60
1377357443 16.990 60
1377357473 18.615 121
1377357503 16.740 0
1377357533 16.649 60
1377357563 17.348 60
1377357593 17.585 120
1377357623 16.339 0
1377357653 17.526 60
1377357683 18.691 60
1377357713 17.665 120
1377357743 17.548 0
1377357773 28.117 61
1377357803 17.869 61
1377357833 17.723 121
1377357863 16.639 121
1377357893 16.367 60
1377357923 16.170 60
1377357953 18.082 120
1377357983 15.996 120
1377358013 18.743 180
1377358043 16.273 0
1377358073 18.206 60
1377358103 19.826 60
1377358133 16.375 120
1377358163 18.277 0
1377358193 17.769 61
1377358223 17.987 61
1377358253 15.970 121
1377358283 16.646 121
1377358313 18.037 60
1377358343 15.685 60
1377358373 17.195 120
1377358403 18.049 120
1377358433 17.874 180
1377358463 17.369 0
1377358493 16.063 0
1377358523 16.083 61
1377358553 17.741 121
1377358583 17.573 0
1377358613 16.111 60
1377358643 16.301 60
1377358673 17.181 120
1377358703 17.991 120
1377358733 18.515 62
1377358763 15.654 62
1377358793 17.288 122
1377358823 20.146 122
1377358853 17.756 60
