1377351683 17.193 0
1377351713 15.726 0
1377351743 16.257 0
1377351773 16.923 0
1377351803 15.307 0
1377351833 16.508 0
1377351863 16.580 0
1377351893 16.889 0
1377351923 16.036 0
1377351953 17.625 0
1377351983 17.354 0
1377352013 16.866 0
1377352043 17.415 0
1377352073 15.879 0
1377352103 17.358 0
1377352133 17.169 0
1377352163 18.098 0
1377352193 18.064 0
1377352223 17.133 0
1377352253 16.622 0
1377352283 17.209 0
1377352313 15.688 0
1377352343 16.891 0
1377352373 17.334 0
1377352403 15.880 0
1377352433 18.117 0
1377352463 16.150 0
1377352493 17.287 0
1377352523 17.398 0
1377352553 16.323 0
1377352583 19.487 0
1377352613 17.184 0
1377352643 15.451 0
1377352673 15.586 0
1377352703 17.156 0
1377352733 16.709 0
1377352763 15.243 0
1377352793 15.634 0
1377352823 17.333 0
1377352853 17.379 0
1377352883 15.970 0
1377352913 15.850 0
1377352943 15.955 0
1377352973 16.867 0
1377353003 16.268 0
1377353033 17.580 0
1377353063 17.214 0
1377353093 16.473 0
1377353123 15.466 0
1377353153 16.414 0
1377353183 16.770 0
1377353213 17.616 0
1377353243 17.235 0
1377353273 15.859 0
1377353303 17.312 0
1377353333 17.241 0
1377353363 18.061 0
1377353393 17.471 62
1377353423 19.245 0
1377353453 17.753 0
1377353483 17.277 0
1377353513 16.478 0
1377353543 17.144 0
1377353573 17.380 0
1377353603 17.171 0
1377353633 16.106 0
1377353663 16.426 0
1377353693 16.856 0
1377353723 17.125 0
1377353753 17.473 0
1377353783 16.684 0
1377353813 16.888 0
1377353843 16.747 0
1377353873 18.119 0
1377353903 15.823 0
1377353933 17.563 0
1377353963 16.954 0
1377353993 20.522 0
1377354023 16.281 0
1377354053 21.093 0
1377354083 18.299 0
1377354113 19.722 0
1377354143 20.931 0
1377354173 16.110 0
1377354203 18.764 0
1377354233 17.801 0
1377354263 16.343 0
1377354293 19.884 0
1377354323 16.361 -62
1377354353 18.053 0
1377354383 16.189 0
1377354413 17.048 0
1377354443 16.929 0
1377354473 17.996 0
1377354503 16.386 61
1377354533 16.917 0
1377354563 17.644 0
1377354593 16.549 -61
1377354623 18.446 0
1377354653 16.056 0
1377354683 16.907 0
1377354713 16.725 -61
1377354743 17.676 0
1377354773 18.218 0
1377354803 17.167 0
1377354833 18.427 0
1377354863 20.023 0
1377354893 17.212 0
1377354923 19.325 0
1377354953 17.951 0
1377354983 15.130 0
1377355013 16.610 0
1377355043 16.730 0
1377355073 17.012 -61
1377355103 15.825 0
1377355133 16.410 0
1377355163 17.812 0
1377355193 17.357 0
1377355223 17.134 0
1377355253 17.004 0
1377355283 16.897 0
1377355313 16.324 0
1377355343 16.897 0
1377355373 17.570 0
1377355403 16.312 0
1377355433 17.773 0
1377355463 18.010 0
1377355493 16.043 0
1377355523 16.348 0
1377355553 17.623 0
1377355583 18.160 0
1377355613 16.117 0
1377355643 16.708 0
1377355673 17.448 0
1377355703 16.871 0
1377355733 16.670 0
1377355763 15.900 0
1377355793 25.240 0
1377355823 16.702 0
1377355853 17.756 0
1377355883 17.910 0
1377355913 17.487 0
1377355943 17.600 0
1377355973 28.447 0
1377356003 15.901 0
1377356033 17.338 0
1377356063 17.331 0
1377356093 17.172 0
1377356123 17.518 0
1377356153 17.798 0
1377356183 17.819 0
1377356213 16.577 0
1377356243 15.352 0
1377356273 16.620 0
1377356303 16.965 0
1377356333 16.514 0
1377356363 17.911 0
1377356393 16.096 0
1377356423 17.764 0
1377356453 16.985 0
1377356483 16.967 0
1377356513 16.198 0
1377356543 17.012 0
1377356573 274.331 0
1377356603 15.326 0
1377356633 16.870 0
1377356663 17.610 0
1377356693 17.328 0
1377356723 17.738 0
1377356753 15.207 0
1377356783 16.318 0
1377356813 17.233 0
1377356843 17.740 0
1377356873 17.809 0
1377356903 17.352 0
1377356933 16.478 0
1377356963 17.668 0
1377356993 15.291 0
1377357023 17.024 0
1377357053 17.586 0
1377357083 17.891 0
1377357113 16.352 0
1377357143 15.841 0
1377357173 16.389 0
1377357203 16.621 0
1377357233 16.032 0
1377357263 17.080 0
1377357293 17.114 0
1377357323 17.064 0
1377357353 19.181 0
1377357383 16.575 0
1377357413 17.047 0
1377357443 17.046 0
1377357473 18.482 0
1377357503 16.934 0
1377357533 16.816 0
1377357563 16.504 0
1377357593 17.869 0
1377357623 15.479 0
1377357653 16.731 0
1377357683 17.931 0
1377357713 16.992 0
1377357743 19.606 0
1377357773 16.728 0
1377357803 16.503 0
1377357833 17.300 0
1377357863 16.835 0
1377357893 16.209 0
1377357923 16.970 0
1377357953 17.361 0
1377357983 16.499 0
1377358013 17.610 0
1377358043 16.657 0
1377358073 17.549 0
1377358103 17.915 0
1377358133 16.214 0
1377358163 18.409 0
1377358193 17.861 0
1377358223 17.450 0
1377358253 15.421 0
1377358283 16.635 0
1377358313 17.349 0
1377358343 15.826 0
1377358373 16.562 0
1377358403 17.429 0
1377358433 16.952 0
1377358463 17.449 0
1377358493 17.048 -61
1377358523 16.487 0
1377358553 17.582 0
1377358583 18.189 0
1377358613 16.114 0
1377358643 16.399 0
1377358673 16.627 0
1377358703 17.887 0
1377358733 19.061 0
1377358763 15.802 0
1377358793 17.133 0
1377358823 19.735 0
1377358853 17.118 0
