1377351683 87.314 0
1377351713 87.572 0
1377351743 88.376 0
1377351773 88.518 0
1377351803 86.568 0
1377351833 87.880 0
1377351863 88.536 0
1377351893 88.980 0
1377351923 88.099 0
1377351953 87.449 0
1377351983 88.450 0
1377352013 88.138 0
1377352043 89.074 0
1377352073 87.890 0
1377352103 87.888 0
1377352133 89.297 0
1377352163 90.115 0
1377352193 89.506 0
1377352223 88.413 0
1377352253 88.277 0
1377352283 89.297 0
1377352313 87.513 0
1377352343 87.843 0
1377352373 88.701 0
1377352403 86.743 0
1377352433 84.890 0
1377352463 84.147 0
1377352493 88.686 61
1377352523 89.738 0
1377352553 87.482 60
1377352583 86.038 0
1377352613 88.175 60
1377352643 87.674 0
1377352673 111.169 61
1377352703 88.783 0
1377352733 88.812 61
1377352763 86.636 0
1377352793 87.248 61
1377352823 87.873 0
1377352853 88.869 60
1377352883 87.078 0
1377352913 88.301 0
1377352943 88.206 0
1377352973 88.384 0
1377353003 86.420 0
1377353033 87.322 62
1377353063 88.190 0
1377353093 88.566 0
1377353123 87.622 0
1377353153 86.925 62
1377353183 88.100 0
1377353213 88.319 62
1377353243 89.053 0
1377353273 86.769 62
1377353303 88.123 0
1377353333 88.282 66
1377353363 89.985 0
1377353393 87.937 62
1377353423 89.730 0
1377353453 87.549 0
1377353483 89.941 62
1377353513 87.115 0
1377353543 87.853 0
1377353573 88.596 0
1377353603 89.009 62
1377353633 87.581 0
1377353663 87.457 0
1377353693 87.560 0
1377353723 88.815 0
1377353753 89.151 0
1377353783 88.352 61
1377353813 87.442 0
1377353843 88.495 0
1377353873 89.312 0
1377353903 88.275 62
1377353933 87.902 0
1377353963 88.064 0
1377353993 90.793 0
1377354023 87.650 0
1377354053 91.714 0
1377354083 88.674 0
1377354113 90.287 0
1377354143 91.623 62
1377354173 87.589 0
1377354203 88.009 61
1377354233 89.478 0
1377354263 86.698 62
1377354293 92.488 0
1377354323 88.876 62
1377354353 88.971 0
1377354383 86.855 62
1377354413 88.273 0
1377354443 88.099 61
1377354473 89.205 0
1377354503 87.068 61
1377354533 87.656 0
1377354563 89.400 0
1377354593 89.067 0
1377354623 89.197 0
1377354653 87.374 0
1377354683 87.811 0
1377354713 87.579 61
1377354743 88.737 0
1377354773 87.677 0
1377354803 88.042 0
1377354833 88.160 0
1377354863 90.255 0
1377354893 87.487 0
1377354923 90.360 0
1377354953 88.075 60
1377354983 87.118 0
1377355013 87.716 60
1377355043 87.701 0
1377355073 88.964 0
1377355103 86.572 0
1377355133 87.234 0
1377355163 88.381 0
1377355193 88.580 0
1377355223 89.286 0
1377355253 88.375 0
1377355283 88.435 0
1377355313 88.353 0
1377355343 88.525 0
1377355373 89.394 0
1377355403 87.511 0
1377355433 88.950 60
1377355463 88.650 0
1377355493 87.134 0
1377355523 88.043 0
1377355553 88.198 0
1377355583 88.618 0
1377355613 87.277 60
1377355643 88.182 0
1377355673 88.986 61
1377355703 88.601 0
1377355733 87.450 0
1377355763 87.890 0
1377355793 95.773 0
1377355823 88.364 0
1377355853 89.257 0
1377355883 88.545 0
1377355913 87.465 0
1377355943 87.674 0
1377355973 99.320 0
1377356003 87.184 0
1377356033 87.546 0
1377356063 87.973 0
1377356093 88.439 60
1377356123 89.622 0
1377356153 88.055 61
1377356183 89.210 0
1377356213 88.136 60
1377356243 87.929 0
1377356273 87.450 60
1377356303 88.580 0
1377356333 88.101 0
1377356363 88.737 0
1377356393 87.973 0
1377356423 88.339 0
1377356453 89.076 63
1377356483 89.653 0
1377356513 87.664 61
1377356543 89.706 0
1377356573 88.588 60
1377356603 86.612 0
1377356633 87.514 0
1377356663 88.981 0
1377356693 89.054 61
1377356723 89.366 0
1377356753 86.947 62
1377356783 88.693 0
1377356813 89.331 60
1377356843 90.046 0
1377356873 88.959 0
1377356903 87.734 0
1377356933 88.168 61
1377356963 89.204 0
1377356993 86.659 60
1377357023 88.696 0
1377357053 88.390 60
1377357083 89.039 0
1377357113 87.159 60
1377357143 88.964 0
1377357173 88.380 60
1377357203 88.806 0
1377357233 87.162 60
1377357263 87.549 0
1377357293 88.707 62
1377357323 88.999 0
1377357353 89.087 0
1377357383 88.586 0
1377357413 89.370 60
1377357443 88.825 0
1377357473 88.392 61
1377357503 87.858 0
1377357533 88.434 60
1377357563 88.209 0
1377357593 89.369 60
1377357623 86.965 0
1377357653 88.088 60
1377357683 89.917 0
1377357713 89.657 60
1377357743 87.621 0
1377357773 87.633 61
1377357803 88.364 0
1377357833 88.304 60
1377357863 87.574 0
1377357893 88.937 0
1377357923 88.321 0
1377357953 89.297 60
1377357983 88.000 0
1377358013 90.492 60
1377358043 89.973 0
1377358073 88.956 60
1377358103 89.222 0
1377358133 92.411 60
1377358163 90.865 0
1377358193 88.775 61
1377358223 89.201 0
1377358253 92.648 60
1377358283 90.222 0
1377358313 90.783 60
1377358343 93.793 0
1377358373 89.212 60
1377358403 94.900 0
1377358433 88.738 60
1377358463 89.900 0
1377358493 89.280 61
1377358523 87.348 0
1377358553 89.343 60
1377358583 88.772 0
1377358613 88.514 60
1377358643 90.197 0
1377358673 92.870 60
1377358703 90.698 0
1377358733 91.847 62
1377358763 87.450 0
1377358793 88.700 60
1377358823 90.149 60
1377358853 89.640 60
1377358883 93.002 60
1377358913 92.214 60
1377358943 100.855 0
1377358973 93.439 60
1377359003 94.745 0
1377359033 91.394 60
1377359063 105.687 60
1377359093 98.617 60
1377359123 102.800 0
1377359153 104.642 60
1377359183 99.852 0
1377359213 103.294 0
1377359243 105.854 61
1377359273 88.788 0
1377359303 95.066 0
1377359333 97.742 0
1377359363 87.469 0
1377359393 88.962 0
1377359423 93.819 0
1377359453 102.919 0
1377359483 98.981 0
1377359513 92.242 0
1377359543 101.638 0
1377359573 93.260 0
1377359603 91.331 61
1377359633 87.912 0
1377359663 94.732 0
1377359693 88.236 0
1377359723 89.076 0
1377359753 88.583 0
1377359783 88.819 60
1377359813 89.567 0
1377359843 95.170 60
1377359873 90.615 0
1377359903 87.629 60
1377359933 88.484 0
1377359963 87.982 60
1377359993 88.208 60
1377360023 88.430 0
1377360053 88.099 0
1377360083 88.917 0
1377360113 87.461 0
1377360143 88.175 0
1377360173 87.786 0
1377360203 88.935 60
1377360233 86.623 60
1377360263 89.283 60
1377360293 88.508 60
1377360323 89.600 0
1377360353 86.690 0
1377360383 87.909 60
1377360413 88.234 0
1377360443 88.608 61
1377360473 88.297 0
1377360503 89.714 60
1377360533 87.798 0
1377360563 91.494 60
1377360593 89.584 0
1377360623 88.449 60
1377360653 87.736 60
1377360683 88.907 60
1377360713 86.524 60
1377360743 88.021 0
1377360773 87.159 0
1377360803 88.808 60
1377360833 89.996 0
1377360863 87.768 61
1377360893 88.950 0
1377360923 88.980 60
1377360953 86.849 0
1377360983 87.573 63
1377361013 88.419 0
1377361043 90.018 62
1377361073 88.938 0
1377361103 90.347 61
1377361133 89.851 0
1377361163 88.529 61
1377361193 88.632 0
1377361223 88.913 0
1377361253 90.313 0
1377361283 88.377 0
1377361313 88.796 0
1377361343 87.677 0
1377361373 88.001 0
1377361403 88.510 0
1377361433 88.939 0
1377361463 92.504 61
1377361493 87.920 0
1377361523 89.183 0
1377361553 88.967 0
1377361583 88.976 0
1377361613 87.940 0
1377361643 89.269 0
1377361673 87.397 0
1377361703 88.585 0
1377361733 87.877 0
1377361763 88.214 60
1377361793 86.620 0
1377361823 87.742 60
1377361853 87.578 0
1377361883 88.338 60
1377361913 92.952 0
1377361943 88.025 60
1377361973 93.555 0
1377362003 89.205 61
1377362033 90.026 0
1377362063 87.479 61
1377362093 90.207 0
1377362123 88.658 61
1377362153 92.843 0
1377362183 88.716 60
1377362213 90.279 0
1377362243 90.902 60
1377362273 89.076 0
1377362303 89.954 61
1377362333 87.700 0
1377362363 88.484 60
1377362393 89.311 0
1377362423 87.156 60
1377362453 87.488 0
1377362483 89.661 61
1377362513 91.660 0
1377362543 87.657 60
1377362573 87.939 0
1377362603 91.434 60
1377362633 90.284 0
1377362663 96.684 62
1377362693 87.750 0
1377362723 89.250 61
1377362753 101.171 0
1377362783 90.297 60
1377362813 92.471 0
1377362843 96.238 60
1377362873 97.102 0
1377362903 90.266 0
1377362933 87.526 0
1377362963 98.310 0
1377362993 93.133 0
1377363023 88.581 0
1377363053 101.542 0
1377363083 108.864 0
1377363113 112.500 0
1377363143 102.644 0
1377363173 107.139 0
1377363203 108.535 0
1377363233 106.968 0
1377363263 98.751 0
1377363293 109.543 0
1377363323 99.222 0
1377363353 106.164 61
1377363383 102.832 0
1377363413 101.019 61
1377363443 97.812 0
1377363473 88.132 60
1377363503 91.067 0
1377363533 88.259 0
1377363563 89.439 0
1377363593 88.980 0
1377363623 89.263 0
1377363653 87.423 0
1377363683 88.436 0
1377363713 84.880 60
1377363743 89.039 0
1377363773 87.224 60
1377363803 89.421 0
1377363833 88.591 60
1377363863 89.455 0
1377363893 86.954 0
1377363923 87.820 0
1377363953 88.033 60
1377363983 88.962 0
1377364013 87.102 0
1377364043 88.083 0
1377364073 87.685 60
1377364103 88.943 0
1377364133 88.821 0
1377364163 89.538 0
1377364193 87.931 0
1377364223 96.283 0
1377364253 85.181 0
1377364283 89.013 0
1377364313 94.296 0
1377364343 89.246 0
1377364373 88.687 0
1377364403 92.707 0
1377364433 90.171 0
1377364463 91.856 0
1377364493 91.455 0
1377364523 94.170 0
1377364553 105.903 0
1377364583 94.959 0
1377364613 100.731 0
1377364643 94.626 0
1377364673 115.366 61
1377364703 96.246 0
1377364733 104.375 60
1377364763 111.521 0
1377364793 107.077 60
1377364823 112.143 0
1377364853 110.055 60
1377364883 109.000 0
1377364913 95.295 60
1377364943 99.260 0
1377364973 111.539 0
1377365003 111.206 0
1377365033 110.757 0
1377365063 101.548 0
1377365093 96.771 0
1377365123 99.349 0
1377365153 101.947 0
1377365183 97.746 0
1377365213 108.015 60
1377365243 108.148 0
1377365273 95.664 60
1377365303 97.748 0
1377365333 88.384 60
1377365363 89.254 0
1377365393 87.191 0
1377365423 91.515 0
1377365453 91.614 0
1377365483 88.954 0
1377365513 89.430 0
1377365543 88.003 0
1377365573 88.232 0
1377365603 88.868 0
1377365633 86.652 60
1377365663 88.377 0
1377365693 87.863 61
1377365723 88.950 0
1377365753 89.414 61
1377365783 88.520 0
1377365813 88.258 0
1377365843 88.797 0
1377365873 87.096 0
1377365903 88.046 0
1377365933 88.488 61
1377365963 89.275 0
1377365993 89.547 62
1377366023 87.719 0
1377366053 91.510 60
