1377351683 98.944 0
1377351713 113.170 0
1377351743 99.340 0
1377351773 99.698 0
1377351803 98.404 0
1377351833 98.836 0
1377351863 98.838 0
1377351893 100.132 0
1377351923 108.881 0
1377351953 99.130 0
1377351983 99.983 0
1377352013 99.545 0
1377352043 100.557 0
1377352073 122.643 0
1377352103 119.822 0
1377352133 99.474 0
1377352163 100.907 0
1377352193 100.116 0
1377352223 99.627 0
1377352253 109.332 0
1377352283 100.175 0
1377352313 98.573 0
1377352343 98.956 0
1377352373 99.867 0
1377352403 98.223 0
1377352433 100.868 0
1377352463 94.846 0
1377352493 99.807 0
1377352523 110.008 0
1377352553 98.824 0
1377352583 121.949 0
1377352613 109.583 0
1377352643 98.594 0
1377352673 98.211 0
1377352703 99.310 0
1377352733 99.442 0
1377352763 98.311 0
1377352793 98.063 0
1377352823 99.561 0
1377352853 99.928 0
1377352883 98.113 0
1377352913 98.545 0
1377352943 117.524 0
1377352973 99.255 0
1377353003 98.597 0
1377353033 99.007 0
1377353063 99.242 0
1377353093 98.938 0
1377353123 98.063 0
1377353153 98.829 0
1377353183 99.138 0
1377353213 98.995 0
1377353243 99.671 0
1377353273 98.331 0
1377353303 99.436 0
1377353333 99.207 0
1377353363 101.370 0
1377353393 112.320 62
1377353423 101.414 0
1377353453 109.623 0
1377353483 100.004 0
1377353513 98.866 0
1377353543 109.167 0
1377353573 109.936 0
1377353603 99.448 0
1377353633 98.833 0
1377353663 98.577 0
1377353693 99.448 0
1377353723 99.894 0
1377353753 100.262 0
1377353783 99.388 0
1377353813 99.887 0
1377353843 99.527 0
1377353873 116.562 0
1377353903 108.174 0
1377353933 99.126 0
1377353963 99.289 0
1377353993 102.485 0
1377354023 98.618 0
1377354053 103.293 0
1377354083 100.347 0
1377354113 102.103 0
1377354143 113.264 0
1377354173 99.314 0
1377354203 99.450 0
1377354233 100.165 0
1377354263 99.111 0
1377354293 102.679 0
1377354323 99.494 0
1377354353 100.133 0
1377354383 99.273 0
1377354413 98.583 0
1377354443 99.003 0
1377354473 99.940 0
1377354503 98.631 61
1377354533 109.267 0
1377354563 100.685 0
1377354593 99.889 0
1377354623 99.748 0
1377354653 98.562 0
1377354683 98.682 0
1377354713 100.787 0
1377354743 100.278 0
1377354773 98.802 0
1377354803 98.978 0
1377354833 99.417 0
1377354863 111.995 0
1377354893 110.831 0
1377354923 101.647 0
1377354953 99.698 0
1377354983 98.458 0
1377355013 99.624 0
1377355043 100.197 0
1377355073 99.697 0
1377355103 108.423 0
1377355133 120.309 0
1377355163 114.871 0
1377355193 99.841 0
1377355223 100.164 0
1377355253 98.975 0
