1377351683 42.810 0
1377351713 41.235 0
1377351743 43.397 0
1377351773 45.093 0
1377351803 41.402 0
1377351833 41.413 0
1377351863 42.969 0
1377351893 42.955 0
1377351923 44.365 0
1377351953 43.797 0
1377351983 44.248 0
1377352013 45.049 0
1377352043 44.008 0
1377352073 44.659 0
1377352103 43.689 0
1377352133 43.639 0
1377352163 43.024 0
1377352193 44.102 0
1377352223 44.071 0
1377352253 43.803 0
1377352283 43.767 0
1377352313 41.212 0
1377352343 41.441 0
1377352373 43.020 0
1377352403 41.396 0
1377352433 45.029 0
1377352463 42.996 0
1377352493 43.284 0
1377352523 45.070 0
1377352553 43.474 0
1377352583 47.778 0
1377352613 43.056 0
1377352643 41.788 0
1377352673 41.308 0
1377352703 43.000 0
1377352733 44.897 0
1377352763 44.457 0
1377352793 47.060 0
1377352823 41.399 0
1377352853 42.943 0
1377352883 44.472 0
1377352913 41.363 0
1377352943 41.227 0
1377352973 45.127 0
1377353003 44.384 0
1377353033 41.805 0
1377353063 44.261 0
1377353093 44.274 0
1377353123 44.351 0
1377353153 41.224 0
1377353183 41.245 0
1377353213 42.958 0
1377353243 43.490 0
1377353273 43.401 0
1377353303 41.292 0
1377353333 42.981 0
1377353363 43.199 0
1377353393 41.163 0
1377353423 43.032 0
1377353453 41.075 0
1377353483 43.078 0
1377353513 41.119 0
1377353543 43.025 0
1377353573 41.158 0
1377353603 45.188 0
1377353633 45.041 0
1377353663 45.825 0
1377353693 44.750 0
1377353723 44.795 0
1377353753 45.193 0
1377353783 45.012 0
1377353813 45.604 0
1377353843 45.115 0
1377353873 42.569 0
1377353903 41.120 0
1377353933 44.888 0
1377353963 44.773 0
1377353993 44.704 0
1377354023 41.200 0
1377354053 44.644 0
1377354083 42.631 0
1377354113 44.689 0
1377354143 44.688 0
1377354173 42.136 0
1377354203 44.600 0
1377354233 57.398 0
1377354263 82.068 0
1377354293 49.043 0
1377354323 42.597 0
1377354353 42.637 0
1377354383 40.889 0
1377354413 99.369 0
1377354443 43.761 0
1377354473 46.437 0
1377354503 51.246 0
1377354533 45.730 0
1377354563 42.519 0
1377354593 42.606 0
1377354623 45.106 0
1377354653 41.385 0
1377354683 45.726 0
1377354713 44.201 0
1377354743 41.180 0
1377354773 45.238 0
1377354803 44.191 0
1377354833 42.766 0
1377354863 41.070 0
1377354893 40.879 0
1377354923 40.774 0
1377354953 42.511 0
1377354983 41.386 0
1377355013 42.864 0
1377355043 42.698 0
1377355073 42.934 0
1377355103 40.886 0
1377355133 40.741 0
1377355163 44.355 0
1377355193 74.201 0
1377355223 42.966 0
1377355253 40.712 0
