1377351683 26.046 0
1377351713 26.278 60
1377351743 56.161 0
1377351773 27.144 60
1377351803 25.549 60
1377351833 26.610 0
1377351863 27.356 0
1377351893 56.358 0
1377351923 27.059 0
1377351953 26.115 60
1377351983 26.962 0
1377352013 27.515 60
1377352043 53.537 0
1377352073 28.382 60
1377352103 26.809 60
1377352133 27.812 0
1377352163 27.985 0
1377352193 58.540 0
1377352223 27.396 0
1377352253 27.172 60
1377352283 23.269 0
1377352313 22.206 61
1377352343 50.128 0
1377352373 27.015 60
1377352403 25.464 60
1377352433 24.021 0
1377352463 22.574 0
1377352493 58.562 0
1377352523 27.585 0
1377352553 27.356 60
1377352583 24.572 0
1377352613 27.270 60
1377352643 55.078 0
1377352673 26.554 61
1377352703 26.501 61
1377352733 28.264 0
1377352763 27.019 0
1377352793 54.419 0
1377352823 26.788 0
1377352853 26.397 60
1377352883 25.508 0
1377352913 26.799 60
1377352943 55.939 0
1377352973 27.249 60
1377353003 25.703 60
1377353033 27.541 0
1377353063 26.422 0
1377353093 56.313 0
1377353123 25.938 0
1377353153 26.467 62
1377353183 26.904 0
1377353213 26.949 62
1377353243 54.568 0
1377353273 26.074 62
1377353303 25.994 62
1377353333 27.175 66
1377353363 29.761 66
1377353393 56.882 0
1377353423 31.245 0
1377353453 26.159 0
1377353483 27.800 0
1377353513 26.007 0
1377353543 55.138 0
1377353573 27.488 0
1377353603 27.537 62
1377353633 26.770 0
1377353663 26.661 63
1377353693 56.345 0
1377353723 27.715 62
1377353753 28.243 62
1377353783 27.168 0
1377353813 26.991 0
1377353843 57.840 0
1377353873 23.158 0
1377353903 25.638 62
1377353933 27.593 0
1377353963 28.725 62
1377353993 59.838 0
1377354023 26.186 62
1377354053 30.534 62
1377354083 26.954 0
1377354113 30.425 0
1377354143 60.207 0
1377354173 25.885 0
1377354203 26.956 61
1377354233 27.812 0
1377354263 25.529 62
1377354293 59.588 0
1377354323 26.364 62
1377354353 27.790 62
1377354383 26.275 0
1377354413 26.620 0
1377354443 112.874 0
1377354473 27.045 0
1377354503 25.392 61
1377354533 26.772 0
1377354563 27.204 0
1377354593 56.075 0
1377354623 28.402 0
1377354653 25.510 61
1377354683 26.637 0
1377354713 26.751 61
1377354743 57.495 0
1377354773 25.998 60
1377354803 23.155 60
1377354833 27.957 0
1377354863 29.712 0
1377354893 55.834 0
1377354923 29.517 0
1377354953 27.325 60
1377354983 26.261 0
1377355013 27.889 60
1377355043 53.900 0
1377355073 27.826 61
1377355103 25.776 61
1377355133 28.847 0
1377355163 27.636 0
1377355193 75.628 0
1377355223 27.485 0
1377355253 25.860 60
1377355283 22.022 0
1377355313 26.174 60
1377355343 55.937 0
1377355373 29.604 61
1377355403 26.132 61
1377355433 26.541 0
1377355463 27.448 0
1377355493 54.134 0
1377355523 26.797 0
1377355553 26.857 61
1377355583 27.566 0
1377355613 25.534 60
1377355643 54.150 0
1377355673 26.345 61
1377355703 26.781 61
1377355733 25.707 0
1377355763 25.042 0
1377355793 62.740 0
1377355823 27.130 0
1377355853 27.357 60
1377355883 26.883 0
1377355913 26.002 60
1377355943 58.975 0
1377355973 37.878 61
1377356003 25.706 61
1377356033 26.336 0
1377356063 26.972 0
1377356093 61.526 0
1377356123 28.178 0
1377356153 27.555 61
1377356183 26.690 0
1377356213 28.052 60
1377356243 58.524 0
1377356273 26.073 60
1377356303 26.686 60
1377356333 27.917 0
1377356363 28.209 0
1377356393 56.290 0
1377356423 27.357 0
1377356453 27.633 63
1377356483 27.866 0
1377356513 25.557 61
1377356543 57.743 0
1377356573 27.687 60
1377356603 25.203 60
1377356633 25.839 0
1377356663 27.058 0
1377356693 56.268 0
1377356723 28.269 0
1377356753 26.016 62
1377356783 26.883 0
1377356813 27.292 60
1377356843 56.917 0
1377356873 28.167 60
1377356903 26.373 60
1377356933 27.618 0
1377356963 29.140 0
1377356993 58.116 0
1377357023 26.067 0
1377357053 27.474 60
1377357083 30.717 0
1377357113 26.864 60
1377357143 62.141 0
1377357173 27.233 60
1377357203 27.313 60
1377357233 25.610 0
1377357263 26.328 0
1377357293 55.534 0
1377357323 28.198 0
1377357353 28.123 60
1377357383 26.035 0
1377357413 27.055 60
1377357443 66.560 0
1377357473 27.309 61
1377357503 26.339 61
1377357533 26.985 0
1377357563 26.295 0
1377357593 56.870 0
1377357623 25.233 0
1377357653 26.577 60
1377357683 27.857 0
1377357713 26.835 60
1377357743 57.839 0
1377357773 26.223 61
1377357803 26.745 61
1377357833 28.479 0
1377357863 25.724 0
1377357893 56.875 0
1377357923 27.153 0
1377357953 27.160 60
1377357983 25.247 0
1377358013 29.619 60
1377358043 55.937 0
1377358073 27.915 60
1377358103 27.449 60
1377358133 27.001 0
1377358163 28.218 0
1377358193 58.886 0
1377358223 27.703 0
1377358253 26.429 60
1377358283 25.997 0
1377358313 27.264 60
1377358343 138.585 0
1377358373 25.608 60
1377358403 26.980 60
1377358433 26.641 0
1377358463 26.955 0
1377358493 76.804 0
1377358523 26.517 0
1377358553 27.156 60
1377358583 28.329 0
1377358613 29.965 60
1377358643 60.414 0
1377358673 27.421 60
1377358703 26.821 60
1377358733 27.965 62
1377358763 22.605 62
1377358793 54.996 0
1377358823 28.001 0
1377358853 27.725 60
1377358883 27.718 0
1377358913 27.232 60
1377358943 71.924 0
1377358973 29.097 60
1377359003 27.192 60
1377359033 26.841 60
1377359063 27.927 60
1377359093 60.403 0
1377359123 26.348 0
1377359153 26.823 60
1377359183 27.608 0
1377359213 26.676 0
1377359243 59.083 0
1377359273 27.944 0
1377359303 26.769 61
1377359333 27.769 0
1377359363 26.257 60
1377359393 109.917 0
1377359423 26.701 60
1377359453 27.620 60
1377359483 28.811 0
1377359513 27.449 0
1377359543 57.103 0
1377359573 27.649 0
1377359603 29.681 61
1377359633 26.779 0
1377359663 28.109 60
1377359693 65.952 0
1377359723 27.207 61
1377359753 26.224 61
1377359783 26.623 0
1377359813 27.271 0
1377359843 59.647 0
1377359873 26.975 0
1377359903 27.149 60
1377359933 27.199 0
1377359963 27.777 60
1377359993 53.824 0
1377360023 26.491 62
1377360053 27.810 62
1377360083 28.280 0
1377360113 26.580 0
1377360143 74.331 0
1377360173 26.946 0
1377360203 27.398 60
1377360233 24.453 0
1377360263 26.287 60
1377360293 56.794 0
1377360323 27.887 60
1377360353 25.824 60
1377360383 26.516 0
1377360413 26.500 0
1377360443 58.183 0
1377360473 28.674 0
1377360503 29.301 60
1377360533 25.960 0
1377360563 30.327 60
1377360593 56.085 0
1377360623 27.729 60
1377360653 26.641 60
1377360683 27.463 0
1377360713 24.997 0
1377360743 55.696 0
1377360773 26.790 0
1377360803 28.810 60
1377360833 28.638 0
1377360863 25.815 61
1377360893 56.675 0
1377360923 27.882 60
1377360953 25.365 60
1377360983 25.903 0
1377361013 26.127 0
1377361043 64.346 0
1377361073 23.122 0
1377361103 28.736 61
1377361133 28.650 0
1377361163 27.373 61
1377361193 64.235 0
1377361223 26.343 61
1377361253 28.398 61
1377361283 27.601 0
1377361313 28.526 0
1377361343 93.872 0
1377361373 27.173 0
1377361403 26.783 61
1377361433 28.376 0
1377361463 30.462 61
1377361493 56.116 0
1377361523 27.144 61
1377361553 29.219 61
1377361583 26.806 0
1377361613 25.439 0
1377361643 58.139 0
1377361673 25.720 0
1377361703 25.956 60
1377361733 26.789 0
1377361763 27.758 60
1377361793 97.133 0
1377361823 25.781 60
1377361853 26.186 60
1377361883 56.097 0
1377361913 31.751 0
1377361943 29.510 60
1377361973 32.805 0
1377362003 26.991 61
1377362033 56.045 0
1377362063 26.542 61
1377362093 27.491 61
1377362123 27.239 0
1377362153 32.947 0
1377362183 59.588 0
1377362213 28.392 0
1377362243 28.693 60
1377362273 27.682 0
1377362303 29.193 61
1377362333 55.536 0
1377362363 26.996 60
1377362393 28.185 60
1377362423 25.692 0
1377362453 26.768 0
1377362483 62.323 0
1377362513 27.087 0
1377362543 25.581 60
1377362573 26.358 0
1377362603 27.191 60
1377362633 61.836 0
1377362663 33.273 62
1377362693 25.687 62
1377362723 27.300 0
1377362753 28.587 0
1377362783 55.446 0
1377362813 30.710 0
1377362843 32.347 60
1377362873 34.582 0
1377362903 28.333 0
1377362933 58.566 0
1377362963 27.644 0
1377362993 30.510 62
1377363023 26.495 0
1377363053 26.505 60
1377363083 55.868 0
1377363113 32.673 61
1377363143 27.861 61
1377363173 26.033 0
1377363203 26.600 0
1377363233 56.493 0
1377363263 28.983 0
1377363293 26.643 61
1377363323 27.664 0
1377363353 30.805 61
1377363383 56.501 0
1377363413 27.022 61
1377363443 24.203 61
1377363473 27.600 0
1377363503 28.239 0
1377363533 55.754 0
1377363563 27.219 0
1377363593 28.048 60
1377363623 27.615 0
1377363653 26.058 61
1377363683 55.781 0
1377363713 23.763 60
1377363743 27.672 60
1377363773 26.784 0
1377363803 27.295 0
1377363833 61.708 0
1377363863 27.927 0
1377363893 26.108 60
1377363923 26.562 0
1377363953 27.064 60
1377363983 59.160 0
1377364013 25.483 60
1377364043 27.568 60
1377364073 30.419 0
1377364103 28.204 0
1377364133 58.229 0
1377364163 27.337 0
1377364193 26.843 61
1377364223 22.653 0
1377364253 23.830 60
1377364283 55.807 0
1377364313 26.755 60
1377364343 27.378 60
1377364373 30.841 0
1377364403 27.063 0
1377364433 57.639 0
1377364463 29.824 0
1377364493 25.536 60
1377364523 27.312 0
1377364553 22.437 60
1377364583 57.639 0
1377364613 25.894 60
1377364643 25.795 60
1377364673 24.298 0
1377364703 27.232 0
1377364733 59.154 0
1377364763 29.994 0
1377364793 26.023 60
1377364823 27.468 0
1377364853 27.290 60
1377364883 59.329 0
1377364913 27.104 60
1377364943 26.962 60
1377364973 27.827 0
1377365003 26.317 0
1377365033 63.614 0
1377365063 27.124 0
1377365093 22.781 61
1377365123 27.684 0
1377365153 26.341 60
1377365183 55.165 0
1377365213 27.709 60
1377365243 27.282 60
1377365273 25.709 0
1377365303 22.133 0
1377365333 58.631 0
1377365363 28.168 0
1377365393 25.584 60
1377365423 26.400 0
1377365453 27.465 60
1377365483 60.405 0
1377365513 29.865 61
1377365543 26.672 61
1377365573 26.314 0
1377365603 27.369 0
1377365633 53.583 0
1377365663 25.538 0
1377365693 26.689 61
1377365723 27.300 0
1377365753 22.696 61
1377365783 55.422 0
1377365813 27.504 63
1377365843 28.107 63
1377365873 26.704 0
1377365903 26.875 0
1377365933 55.660 0
1377365963 27.406 0
1377365993 27.617 62
1377366023 25.917 0
1377366053 27.281 60
