1375905530 246.130 1691
1375905560 228.530 1752
1375905590 242.773 1752
1375905620 240.186 1813
1375905650 254.580 1813
1375905680 228.253 1875
1375905710 231.390 1875
1375905740 239.323 1936
1375905770 226.516 1936
1375905800 261.989 1997
1375905830 344.928 1997
1375905860 225.384 2058
1375905890 230.747 2058
1375905920 225.695 2119
1375905950 233.377 2119
1375905980 234.678 2181
1375906010 228.602 2181
1375906040 233.994 2244
1375906070 238.184 2244
1375906100 229.160 2305
1375906130 237.766 2305
1375906160 234.401 2366
1375906190 227.138 2366
1375906220 234.938 2427
1375906250 241.585 2427
1375906280 230.782 2488
1375906310 234.294 2488
1375906340 235.766 2550
1375906370 242.803 2550
1375906400 241.547 2612
1375906430 229.470 2612
1375906460 242.118 2674
1375906490 256.007 2674
1375906520 233.863 2735
1375906550 222.389 2735
1375906580 279.808 2735
1375906610 243.731 2799
1375906640 224.609 2799
1375906670 237.261 2862
1375906700 1584.605 2862
1375906730 1572.522 2923
1375906760 1502.865 2923
1375906790 1585.347 2985
1375906820 1608.708 2985
1375906850 1594.183 3046
1375906910 1507.942 3108
1375906940 1563.913 3108
1375906970 1576.077 3168
1375907000 1592.602 3168
1375907030 1394.446 3230
1375907060 249.731 3230
1375907090 230.556 3291
1375907120 230.186 3291
1375907150 235.927 3353
1375907180 243.619 3353
1375907210 231.265 3414
1375907240 271.708 3414
1375907270 250.686 246
1375907300 228.394 246
1375907330 234.504 308
1375907360 250.948 308
1375907390 232.738 369
1375907420 243.007 369
1375907450 223.482 431
1375907480 233.146 431
1375907510 235.064 492
1375907540 238.677 492
1375907570 242.056 554
1375907600 257.308 554
1375907630 237.878 616
1375907660 225.953 616
1375907690 225.292 678
1375907720 224.750 678
1375907750 239.767 678
1375907780 234.695 740
1375907810 235.464 740
1375907840 239.827 802
1375907870 231.251 802
1375907900 239.260 866
1375907930 227.802 866
1375907960 244.907 926
1375907990 244.546 926
1375908020 230.761 986
1375908050 228.425 986
1375908080 231.047 1047
1375908110 223.542 1047
1375908140 254.433 1107
1375908170 251.467 1107
1375908200 254.016 1167
1375908230 239.609 1167
1375908260 237.567 1228
1375908290 225.785 1228
1375908320 229.277 1288
1375908350 235.928 1288
1375908380 237.817 1348
1375908410 240.953 1348
1375908440 223.715 1408
1375908470 233.003 1408
1375908500 232.598 1468
1375908530 221.694 1468
1375908560 227.771 1528
1375908590 239.905 1528
1375908620 234.637 1588
1375908650 235.889 1588
1375908680 244.048 1649
1375908710 246.402 1649
1375908740 227.478 1709
1375908770 232.869 1709
1375908800 234.264 1769
1375908830 251.102 1769
1375908860 238.775 1829
1375908890 225.700 1829
1375908920 227.629 1889
1375908950 237.753 1889
1375908980 231.719 1950
1375909010 422.203 1950
1375909040 232.167 2010
1375909070 241.255 2010
1375909100 235.557 2070
