1375905530 38.419 0
1375905560 37.656 0
1375905590 37.801 0
1375905620 37.118 0
1375905650 37.649 0
1375905680 37.682 0
1375905710 38.559 0
1375905740 37.056 0
1375905770 37.672 0
1375905800 37.916 0
1375905830 38.373 0
1375905860 38.250 0
1375905890 37.161 0
1375905920 37.692 0
1375905950 38.232 0
1375905980 37.591 0
1375906010 37.640 0
1375906040 37.729 0
1375906070 37.828 0
1375906100 37.455 0
1375906130 37.763 0
1375906160 37.701 0
1375906190 37.789 0
1375906220 37.641 0
1375906250 37.664 0
1375906280 37.672 0
1375906310 37.730 0
1375906340 38.230 0
1375906370 38.520 0
1375906400 37.667 0
1375906430 38.391 0
1375906460 38.306 0
1375906490 38.214 0
1375906520 37.873 0
1375906550 38.352 0
1375906580 38.268 0
1375906610 38.354 0
1375906640 38.075 0
1375906670 37.916 0
1375906700 37.790 0
1375906730 38.240 0
1375906760 38.406 0
1375906790 37.904 0
1375906820 37.704 0
1375906850 37.344 0
1375906880 38.264 0
1375906910 37.701 0
1375906940 38.156 0
1375906970 37.872 0
1375907000 39.084 0
1375907030 37.659 0
1375907060 37.630 0
1375907090 38.208 0
1375907120 38.108 0
1375907150 38.292 0
1375907180 37.756 0
1375907210 38.348 0
1375907240 38.517 0
1375907270 38.326 0
1375907300 37.139 0
1375907330 38.168 0
1375907360 38.221 0
1375907390 38.271 0
1375907420 38.265 0
1375907450 38.374 0
1375907480 37.782 0
1375907510 37.709 0
1375907540 37.670 0
1375907570 38.310 0
1375907600 38.392 0
1375907630 37.878 0
1375907660 37.646 0
1375907690 38.588 0
1375907720 39.297 0
1375907750 38.361 0
1375907780 38.112 0
1375907810 37.778 0
1375907840 37.693 0
1375907870 37.909 0
1375907900 37.760 0
1375907930 36.995 0
1375907960 37.759 0
1375907990 38.055 0
1375908020 37.568 0
1375908050 37.737 0
1375908080 38.346 0
1375908110 38.422 0
1375908140 37.060 0
1375908170 38.452 0
1375908200 38.271 0
1375908230 37.738 0
1375908260 37.573 0
1375908290 38.510 0
1375908320 38.158 0
1375908350 38.137 0
1375908380 38.453 0
1375908410 37.688 0
1375908440 37.688 0
1375908470 37.810 0
1375908500 37.880 0
1375908530 37.568 0
1375908560 37.867 0
1375908590 37.963 0
1375908620 37.606 0
1375908650 37.720 0
1375908680 38.531 0
1375908710 38.374 0
1375908740 37.206 0
1375908770 38.470 0
1375908800 38.402 0
1375908830 37.744 0
1375908860 37.537 0
1375908890 38.226 0
1375908920 37.132 0
1375908950 38.410 0
1375908980 37.808 0
1375909010 37.284 0
1375909040 38.275 0
1375909070 37.788 0
1375909100 37.588 0
1375909130 38.265 0
1375909160 37.682 0
1375909190 37.704 0
1375909220 38.447 0
1375909250 38.166 0
1375909280 38.348 0
1375909310 38.196 0
1375909340 38.324 0
1375909370 37.621 0
1375909400 37.636 0
1375909430 38.163 0
1375909460 37.946 0
1375909490 38.290 0
1375909520 38.325 0
1375909550 37.556 0
1375909580 38.285 0
1375909610 37.123 0
1375909640 37.791 0
1375909670 37.130 0
1375909700 38.279 0
1375909730 38.137 0
1375909760 38.783 0
1375909790 37.194 0
1375909820 37.597 0
1375909850 37.920 0
1375909880 38.275 0
1375909910 37.663 0
1375909940 37.720 0
1375909970 37.794 0
1375910000 38.158 0
1375910030 38.293 0
1375910060 38.243 0
1375910090 37.672 0
1375910120 37.493 0
1375910150 37.650 0
1375910180 37.873 0
1375910210 38.321 0
1375910240 38.173 0
1375910270 37.635 0
1375910300 37.775 0
1375910330 38.296 0
1375910360 38.440 0
1375910390 38.414 0
1375910420 37.791 0
1375910450 37.637 0
1375910480 38.277 0
1375910510 38.090 0
1375910540 38.198 0
1375910570 38.593 0
1375910600 38.381 0
1375910630 38.301 0
1375910660 38.274 0
1375910690 37.611 0
1375910720 37.569 0
1375910750 37.662 0
1375910780 37.872 0
1375910810 37.507 0
1375910840 38.349 0
1375910870 52.202 0
1375910900 40.940 0
1375910930 41.402 0
1375910960 40.993 0
1375910990 38.346 0
1375911020 40.351 0
1375911050 38.272 0
1375911080 37.930 0
1375911110 40.839 0
1375911140 37.134 0
1375911170 40.891 0
1375911200 38.061 0
1375911230 38.413 0
1375911260 37.718 0
1375911290 38.343 0
1375911320 37.656 0
1375911350 37.764 0
1375911380 38.234 0
1375911410 37.799 0
1375911440 38.286 0
1375911470 38.513 0
1375911500 37.436 0
1375911530 37.698 0
1375911560 37.832 0
1375911590 37.774 0
1375911620 40.786 0
1375911650 38.271 0
1375911680 38.413 0
1375911710 37.765 0
1375911740 41.530 0
1375911770 37.687 0
1375911800 38.344 0
1375911830 37.727 61
1375911860 37.302 0
1375911890 38.368 0
1375911920 38.278 0
1375911950 38.313 0
1375911980 38.285 0
1375912010 40.836 0
1375912040 41.385 0
1375912070 41.467 0
1375912100 41.015 0
1375912130 41.732 0
1375912160 40.997 0
1375912190 40.851 0
1375912220 41.442 0
1375912250 40.715 0
1375912280 41.096 0
1375912310 41.340 0
1375912340 40.315 0
1375912370 41.536 0
1375912400 40.920 0
1375912430 41.483 0
1375912460 41.076 0
1375912490 40.942 0
1375912520 40.958 0
1375912550 41.485 0
1375912580 40.721 0
1375912610 41.286 0
1375912640 40.835 0
1375912670 40.981 0
1375912700 40.814 0
1375912730 40.686 0
