1375905530 37.428 0
1375905560 37.494 0
1375905590 37.617 0
1375905620 37.395 0
1375905650 37.340 0
1375905680 59.814 0
1375905710 37.589 0
1375905740 37.035 0
1375905770 37.496 0
1375905800 36.975 0
1375905830 37.359 0
1375905860 37.027 0
1375905890 37.385 0
1375905920 37.477 0
1375905950 37.500 0
1375905980 53.407 0
1375906010 37.089 0
1375906040 37.199 0
1375906070 36.473 0
1375906100 37.162 0
1375906130 37.227 0
1375906160 37.341 0
1375906190 37.129 0
1375906220 37.277 0
1375906250 37.284 0
1375906280 37.272 0
1375906310 36.148 0
1375906340 37.403 0
1375906370 37.098 0
1375906400 36.884 0
1375906430 36.695 0
1375906460 37.764 0
1375906490 37.312 0
1375906520 37.399 0
1375906550 37.099 0
1375906580 37.684 0
1375906610 37.626 0
1375906640 36.811 0
1375906670 37.427 0
1375906700 105.382 0
1375906730 37.477 0
1375906760 37.406 0
1375906790 36.819 0
1375906820 37.691 0
1375906850 36.584 0
1375906880 37.167 0
1375906910 37.469 0
1375906940 37.470 0
1375906970 37.611 0
1375907000 37.020 0
1375907030 50.604 0
1375907060 36.708 0
1375907090 37.263 0
1375907120 37.321 0
1375907150 37.362 0
1375907180 37.326 0
1375907210 37.326 0
1375907240 37.591 0
1375907270 37.158 0
1375907300 37.095 0
1375907330 37.431 0
1375907360 37.348 0
1375907390 37.328 0
1375907420 36.830 0
1375907450 36.800 0
1375907480 36.690 0
1375907510 36.827 0
1375907540 37.447 0
1375907570 37.218 0
1375907600 37.227 0
1375907630 37.209 0
1375907660 37.358 0
1375907690 37.603 0
1375907720 37.341 0
1375907750 37.687 0
1375907780 37.620 0
1375907810 36.600 0
1375907840 37.497 0
1375907870 37.307 0
1375907900 37.073 0
1375907930 36.992 0
1375907960 37.448 0
1375907990 36.623 0
1375908020 37.218 0
1375908050 37.668 0
1375908080 37.330 0
1375908110 37.285 0
1375908140 36.146 0
1375908170 37.716 0
1375908200 37.116 0
1375908230 36.608 0
1375908260 37.359 0
1375908290 37.699 0
1375908320 37.137 0
1375908350 37.529 0
1375908380 36.873 0
1375908410 36.801 0
1375908440 37.158 0
1375908470 37.341 0
1375908500 37.503 0
1375908530 37.225 0
1375908560 36.805 0
1375908590 37.323 0
1375908620 37.431 0
1375908650 37.184 0
1375908680 36.273 0
1375908710 36.156 0
1375908740 37.192 0
1375908770 37.218 0
1375908800 37.214 0
1375908830 37.307 0
1375908860 37.188 0
1375908890 37.215 0
1375908920 38.030 0
1375908950 37.071 0
1375908980 37.306 0
1375909010 37.473 0
1375909040 37.201 0
1375909070 37.666 0
1375909100 37.241 0
1375909130 37.439 0
