1376105172 161.283 0
1376105202 150.195 0
1376105232 153.343 0
1376105262 153.719 0
1376105292 155.028 0
1376105322 160.005 0
1376105352 161.618 0
1376105382 148.022 0
1376105412 152.213 0
1376105442 152.919 0
1376105472 158.563 0
1376105502 152.724 0
1376105532 156.433 0
1376105562 159.541 0
1376105592 155.125 0
1376105622 155.044 0
1376105652 153.343 0
1376105682 152.426 0
1376105712 155.750 0
1376105742 154.535 0
1376105772 149.402 0
1376105802 153.047 0
1376105832 149.713 0
1376105862 152.097 0
1376105892 152.916 0
1376105922 149.603 0
1376105952 150.450 0
1376105982 156.925 0
1376106012 151.668 0
1376106042 153.919 0
1376106072 157.115 0
1376106102 151.288 0
1376106132 151.879 0
1376106162 152.604 0
1376106192 151.972 0
1376106222 159.490 0
1376106252 151.803 0
1376106282 158.890 0
1376106312 154.663 0
1376106342 151.372 0
1376106372 158.968 0
1376106402 158.856 0
1376106432 151.024 0
1376106462 154.083 0
1376106492 159.122 0
1376106522 155.030 0
1376106552 155.397 0
1376106582 151.351 0
1376106612 158.665 0
1376106642 152.008 0
1376106672 157.347 0
1376106702 151.612 0
1376106732 151.126 0
1376106762 152.680 0
1376106792 148.333 0
1376106822 159.251 0
1376106852 151.203 0
1376106882 154.245 0
1376106912 154.705 0
1376106942 162.179 0
1376106972 159.162 0
1376107002 151.575 0
1376107032 152.080 0
1376107062 158.780 0
1376107092 161.577 0
1376107122 159.493 0
1376107152 149.726 0
1376107182 161.358 0
1376107212 154.157 0
1376107242 148.679 0
1376107272 147.853 0
1376107302 152.001 0
1376107332 147.853 0
1376107362 151.971 0
1376107392 154.093 0
1376107422 158.673 0
1376107452 154.789 0
1376107482 151.476 0
1376107512 156.803 0
1376107542 152.809 0
1376107572 160.573 0
1376107602 152.740 0
1376107632 159.261 0
1376107662 149.524 0
1376107692 151.334 0
1376107722 149.480 0
1376107752 150.072 0
1376107782 151.585 0
1376107812 149.120 0
1376107842 171.409 0
1376107872 155.096 0
1376107902 172.287 0
1376107932 157.274 0
1376107962 152.284 0
1376107992 154.745 0
1376108022 155.487 0
1376108052 156.017 0
1376108082 153.955 0
1376108112 151.364 0
1376108142 151.665 0
1376108172 152.420 0
1376108202 154.688 0
1376108232 151.426 0
1376108262 152.710 0
1376108292 148.802 0
1376108322 155.041 0
1376108352 154.783 0
1376108382 153.054 0
1376108412 151.197 0
1376108442 148.143 0
1376108472 150.418 0
1376108502 152.876 0
1376108532 149.241 0
1376108562 155.287 0
1376108592 158.399 0
1376108622 161.194 0
1376108652 155.456 0
1376108682 201.697 0
1376108712 158.886 0
1376108742 161.778 0
