1376105172 87.318 0
1376105202 94.275 0
1376105232 82.004 0
1376105262 85.941 0
1376105292 86.063 0
1376105322 85.746 0
1376105352 81.348 0
1376105382 82.542 0
1376105412 83.507 0
1376105442 99.951 0
1376105472 81.667 0
1376105502 83.355 0
1376105532 89.197 0
1376105562 98.101 0
1376105592 82.873 0
1376105622 98.404 0
1376105652 81.375 0
1376105682 83.803 0
1376105712 86.931 0
1376105742 86.710 0
1376105772 83.725 0
1376105802 89.593 0
1376105832 84.656 0
1376105862 80.529 0
1376105892 84.669 0
1376105922 87.967 0
1376105952 92.044 0
1376105982 88.581 0
1376106012 89.835 0
1376106042 82.679 0
1376106072 102.318 0
1376106102 97.056 0
1376106132 94.611 0
1376106162 99.171 0
1376106192 96.257 0
1376106222 85.499 0
1376106252 92.596 0
1376106282 87.662 0
1376106312 88.723 0
1376106342 85.380 0
1376106372 90.468 0
1376106402 86.218 0
1376106432 82.242 0
1376106462 105.086 0
1376106492 84.000 0
1376106522 82.286 0
1376106552 78.284 0
1376106582 92.968 0
1376106612 88.010 0
1376106642 80.395 0
1376106672 88.861 0
1376106702 86.881 0
1376106732 89.116 0
1376106762 83.259 0
1376106792 81.583 0
1376106822 99.302 0
1376106852 88.579 0
1376106882 91.882 0
1376106912 85.946 0
1376106942 87.272 0
1376106972 80.421 0
1376107002 82.641 0
1376107032 81.950 0
1376107062 82.922 0
1376107092 87.237 0
1376107122 87.992 0
1376107152 79.369 0
1376107182 85.575 0
1376107212 79.778 0
1376107242 83.839 0
1376107272 81.805 0
1376107302 83.842 0
1376107332 99.698 0
1376107362 85.807 0
1376107392 96.452 0
1376107422 77.818 0
1376107452 85.144 0
1376107482 95.768 0
1376107512 89.076 0
1376107542 90.557 0
1376107572 92.391 0
1376107602 84.962 0
1376107632 86.970 0
1376107662 93.915 0
1376107692 85.164 0
1376107722 80.383 0
1376107752 89.345 0
1376107782 79.847 0
1376107812 92.261 0
1376107842 88.819 0
1376107872 82.705 0
1376107902 91.026 0
1376107932 95.104 0
1376107962 89.014 0
1376107992 86.540 0
1376108022 90.646 0
1376108052 84.884 0
1376108082 92.957 0
1376108112 85.854 0
1376108142 94.828 0
1376108172 115.509 0
1376108202 100.323 0
1376108232 85.683 0
1376108262 92.724 0
1376108292 97.068 0
1376108322 96.225 0
1376108352 93.344 0
1376108382 82.953 0
1376108412 77.314 0
1376108442 91.008 0
1376108472 77.065 0
1376108502 83.282 0
1376108532 94.346 0
1376108562 78.695 0
1376108592 83.757 0
1376108622 93.269 0
1376108652 86.790 0
1376108682 89.633 0
1376108712 88.796 0
1376108742 85.462 0
1376108772 83.755 0
1376108802 85.389 0
1376108832 85.056 0
1376108862 91.685 0
1376108892 92.215 0
1376108922 84.467 0
1376108952 84.703 0
1376108982 83.516 0
1376109012 85.417 0
1376109042 82.812 0
1376109072 90.468 0
1376109102 83.546 0
1376109132 83.959 0
1376109162 91.299 0
1376109192 85.079 0
1376109222 93.421 0
1376109252 86.574 0
1376109282 88.407 0
1376109312 85.224 0
1376109342 85.599 0
1376109372 84.991 0
1376109402 93.331 0
1376109432 99.381 0
1376109462 87.390 0
1376109492 88.534 60
1376109522 81.120 0
1376109552 90.492 0
1376109582 90.443 0
1376109612 78.405 0
1376109642 84.053 0
1376109672 84.294 0
1376109702 82.624 0
1376109732 79.479 0
1376109762 76.408 0
1376109792 82.244 0
1376109822 93.909 0
1376109852 85.080 0
1376109882 84.702 0
1376109912 84.116 0
1376109942 86.448 0
1376109972 89.304 0
1376110002 95.229 0
1376110032 89.017 0
1376110062 91.963 0
1376110092 82.256 0
1376110122 91.045 0
1376110152 80.044 0
1376110182 76.429 0
1376110212 97.836 0
1376110242 80.028 0
1376110272 103.665 0
1376110302 94.901 0
1376110332 84.693 0
1376110362 83.818 0
1376110392 86.851 0
1376110422 79.922 0
1376110452 98.871 0
1376110482 89.749 0
1376110512 93.887 0
1376110542 89.575 0
1376110572 79.588 0
1376110602 88.214 0
1376110632 88.087 0
1376110662 93.009 0
1376110692 98.178 0
1376110722 88.738 0
1376110752 95.983 0
1376110782 81.341 0
1376110812 84.040 0
1376110842 85.543 0
1376110872 92.105 0
1376110902 100.084 0
1376110932 96.873 0
1376110962 102.539 0
1376110992 93.538 0
1376111022 106.851 61
1376111052 88.105 0
1376111082 91.353 0
1376111112 93.106 0
1376111142 89.000 0
1376111172 83.273 0
1376111202 83.197 0
1376111232 88.009 0
1376111262 86.260 0
1376111292 80.622 0
1376111322 93.526 0
1376111352 106.117 0
1376111382 97.084 0
1376111412 83.673 0
1376111442 89.902 0
1376111472 83.197 0
1376111502 83.701 0
1376111532 83.744 0
1376111562 97.778 0
1376111592 99.660 0
1376111622 83.174 0
1376111652 92.730 0
1376111682 87.347 0
1376111712 85.600 0
1376111742 80.615 0
1376111772 111.687 0
1376111802 92.119 0
1376111832 88.080 0
1376111862 97.654 0
1376111892 85.479 0
1376111922 90.645 0
1376111952 85.382 0
1376111982 94.614 0
1376112012 87.356 0
1376112042 87.873 0
1376112072 90.456 0
1376112102 97.625 0
1376112132 101.761 0
1376112162 85.085 0
1376112192 93.379 0
1376112222 87.049 0
1376112252 91.300 0
1376112282 90.251 0
1376112312 103.088 0
1376112342 106.693 0
1376112372 81.998 0
1376112402 84.428 0
1376112432 101.090 0
1376112462 89.078 0
1376112492 103.568 0
1376112522 81.882 0
1376112552 98.832 0
1376112582 85.700 0
1376112612 82.444 0
1376112642 97.577 0
1376112672 100.761 0
1376112702 101.719 0
1376112732 90.878 0
1376112762 81.560 0
1376112792 89.396 0
1376112822 90.558 0
1376112852 101.625 0
1376112882 89.959 0
1376112912 105.940 0
1376112942 79.808 0
1376112972 89.113 0
1376113002 79.799 0
1376113032 100.351 0
1376113062 95.493 0
1376113092 88.216 0
1376113122 87.941 0
1376113152 88.062 0
1376113182 88.220 0
1376113212 85.683 0
1376113242 85.614 0
1376113272 88.682 0
1376113302 98.649 0
1376113332 92.102 0
1376113362 82.004 0
1376113392 79.907 0
1376113422 83.069 0
1376113452 95.098 0
1376113482 82.980 0
1376113512 100.859 0
1376113542 106.015 0
1376113572 83.994 0
1376113602 93.939 0
1376113632 81.629 0
1376113662 86.580 0
1376113692 88.325 0
1376113722 80.030 0
1376113752 107.360 0
1376113782 86.165 0
1376113812 93.169 0
1376113842 76.570 0
1376113872 85.531 0
1376113902 78.661 0
1376113932 89.447 0
1376113962 81.117 0
1376113992 83.418 0
1376114022 86.891 0
1376114052 79.749 0
1376114082 84.813 0
1376114112 90.019 0
1376114142 75.581 0
1376114172 91.290 0
1376114202 83.447 0
1376114232 77.954 0
1376114262 85.708 0
1376114292 86.125 0
1376114322 81.174 0
1376114352 103.083 0
1376114382 94.257 0
1376114412 81.359 0
1376114442 82.897 0
1376114472 87.912 0
1376114502 78.668 0
1376114532 88.144 0
1376114562 92.458 0
1376114592 79.903 0
1376114622 94.858 0
1376114652 77.851 60
1376114682 84.068 0
1376114712 87.263 60
1376114742 78.023 0
1376114772 92.277 0
1376114802 93.598 0
1376114832 91.106 0
1376114862 88.669 0
1376114892 113.175 0
1376114922 81.696 0
1376114952 88.168 0
1376114982 79.703 0
1376115012 87.989 0
1376115042 78.805 0
1376115072 98.316 0
1376115102 97.664 0
1376115132 87.638 0
1376115162 80.415 0
1376115192 91.679 0
1376115222 93.107 0
1376115252 85.539 0
1376115282 83.334 0
1376115312 92.210 0
1376115342 92.765 0
1376115372 84.357 0
1376115402 97.508 0
1376115432 86.089 0
1376115462 81.337 0
1376115492 94.099 0
1376115522 83.226 0
1376115552 88.259 0
1376115582 86.953 0
1376115612 86.161 0
1376115642 83.748 0
1376115672 79.660 0
1376115702 90.898 0
1376115732 86.206 0
1376115762 83.987 0
1376115792 85.252 0
1376115822 80.264 0
1376115852 89.732 0
1376115882 92.003 0
1376115912 102.540 0
1376115942 81.577 0
