1376105172 70.466 61
1376105202 76.366 0
1376105232 77.794 61
1376105262 77.164 61
1376105292 76.749 122
1376105322 72.113 122
1376105352 72.223 183
1376105382 74.478 183
1376105412 70.765 0
1376105442 72.239 0
1376105472 74.668 0
1376105502 67.235 0
1376105532 75.898 61
1376105562 72.184 61
1376105592 79.456 121
1376105622 74.760 121
1376105652 71.856 60
1376105682 74.190 60
1376105712 74.263 0
1376105742 72.865 0
1376105772 77.374 60
1376105802 75.808 60
1376105832 70.413 120
1376105862 72.130 120
1376105892 70.203 0
1376105922 72.347 0
1376105952 71.000 0
1376105982 73.978 0
1376106012 74.046 60
1376106042 72.293 60
1376106072 75.930 120
1376106102 74.419 120
1376106132 72.402 181
1376106162 76.777 0
1376106192 77.269 60
1376106222 68.942 0
1376106252 72.204 60
1376106282 75.174 60
1376106312 75.017 120
1376106342 78.410 120
1376106372 74.039 181
1376106402 72.121 181
1376106432 74.065 0
1376106462 74.385 0
1376106492 74.103 60
1376106522 73.722 60
1376106552 71.023 121
1376106582 73.612 121
1376106612 75.739 182
1376106642 76.084 182
1376106672 70.581 242
1376106702 73.741 242
1376106732 75.637 0
1376106762 74.031 0
1376106792 76.103 60
1376106822 72.242 60
1376106852 71.880 120
1376106882 73.587 120
1376106912 72.925 180
1376106942 74.215 180
1376106972 73.849 240
1376107002 70.202 0
1376107032 78.384 0
1376107062 73.760 0
1376107092 72.252 61
1376107122 73.171 61
1376107152 72.043 122
1376107182 74.857 122
1376107212 77.608 182
1376107242 76.505 0
1376107272 74.103 60
1376107302 77.240 0
1376107332 74.891 62
1376107362 72.075 62
1376107392 74.595 123
1376107422 73.498 123
1376107452 73.890 185
1376107482 77.806 185
1376107512 72.247 0
1376107542 73.783 0
1376107572 77.390 60
1376107602 75.710 60
1376107632 75.468 121
1376107662 73.089 121
1376107692 73.316 181
1376107722 73.975 181
1376107752 78.774 241
1376107782 77.542 0
1376107812 71.182 0
1376107842 76.135 0
1376107872 74.402 61
1376107902 72.285 61
1376107932 74.430 121
1376107962 77.323 121
1376107992 75.221 181
1376108022 74.413 181
1376108052 70.931 60
1376108082 79.549 0
1376108112 74.300 61
1376108142 77.355 61
1376108172 75.570 121
1376108202 78.623 121
1376108232 72.238 181
1376108262 77.856 181
1376108292 74.214 241
1376108322 74.736 0
1376108352 72.681 60
1376108382 80.203 60
1376108412 73.800 120
1376108442 70.422 120
1376108472 72.209 181
1376108502 75.418 181
1376108532 76.818 242
1376108562 70.416 242
1376108592 75.488 302
1376108622 74.589 0
1376108652 76.281 61
1376108682 77.335 61
1376108712 75.699 121
1376108742 70.619 121
1376108772 70.672 182
1376108802 78.616 182
1376108832 76.330 242
1376108862 74.040 0
1376108892 75.647 60
1376108922 72.109 60
1376108952 73.354 120
1376108982 72.261 120
1376109012 72.216 180
1376109042 72.708 180
1376109072 72.034 0
1376109102 81.490 0
1376109132 71.754 61
1376109162 73.721 61
1376109192 70.527 121
1376109222 75.580 121
1376109252 73.998 182
1376109282 77.815 182
1376109312 70.375 242
1376109342 75.499 0
1376109372 73.749 60
1376109402 70.730 0
1376109432 75.533 61
1376109462 77.250 61
1376109492 75.949 121
1376109522 73.494 121
1376109552 72.176 121
1376109582 70.602 182
1376109612 75.242 182
1376109642 75.417 0
1376109672 72.066 0
1376109702 73.775 60
1376109732 75.314 60
1376109762 70.529 122
1376109792 74.219 122
1376109822 75.397 184
1376109852 68.669 0
1376109882 74.363 60
1376109912 77.804 0
1376109942 75.947 61
1376109972 73.945 61
1376110002 75.357 122
1376110032 88.683 122
1376110062 70.624 183
1376110092 75.410 0
1376110122 70.910 62
1376110152 72.168 62
1376110182 72.780 124
1376110212 76.211 0
1376110242 75.155 60
1376110272 72.288 60
1376110302 76.233 121
1376110332 72.260 121
1376110362 74.872 62
1376110392 77.825 62
1376110422 78.700 123
1376110452 76.354 123
1376110482 72.739 0
1376110512 72.087 0
1376110542 76.945 61
1376110572 73.892 61
1376110602 73.165 61
1376110632 75.346 61
1376110662 74.219 122
1376110692 79.365 122
1376110722 70.548 183
1376110752 72.186 0
1376110782 74.677 63
1376110812 73.147 63
1376110842 74.216 124
1376110872 76.386 0
1376110902 96.633 61
1376110932 72.059 61
1376110962 73.197 123
1376110992 77.276 0
1376111022 67.619 61
1376111052 73.500 61
1376111082 87.211 61
1376111112 76.329 122
1376111142 78.831 122
1376111172 73.999 0
1376111202 75.762 0
1376111232 72.255 62
1376111262 74.799 62
1376111292 72.737 0
1376111322 82.648 0
1376111352 73.057 62
1376111382 81.856 62
1376111412 72.152 0
1376111442 73.380 0
1376111472 72.669 60
1376111502 73.540 60
1376111532 73.788 0
1376111562 86.928 0
1376111592 83.760 60
1376111622 72.317 60
1376111652 76.529 121
1376111682 78.608 0
1376111712 77.307 60
1376111742 71.525 60
1376111772 92.227 120
1376111802 72.645 0
1376111832 154.587 60
1376111862 70.328 60
1376111892 76.237 120
1376111922 77.299 120
1376111952 75.487 180
1376111982 74.614 0
1376112012 74.007 60
1376112042 74.074 60
1376112072 73.936 0
1376112102 75.286 0
1376112132 70.608 60
1376112162 74.794 60
1376112192 76.566 122
1376112222 73.663 0
1376112252 73.968 60
1376112282 80.769 60
1376112312 68.892 120
1376112342 72.972 0
