1376105172 159.722 0
1376105202 180.123 0
1376105232 172.809 0
1376105262 165.097 0
1376105292 174.405 0
1376105322 174.720 0
1376105352 173.728 0
1376105382 178.617 0
1376105412 173.849 0
1376105442 179.488 0
1376105472 172.748 0
1376105502 164.795 0
1376105532 163.968 0
1376105562 175.528 0
1376105592 164.585 0
1376105622 178.892 0
1376105652 174.709 0
1376105682 164.725 0
1376105712 174.875 0
1376105742 167.920 0
1376105772 160.389 0
1376105802 168.814 0
1376105832 163.917 0
1376105862 173.996 0
1376105892 173.804 0
1376105922 174.794 0
1376105952 169.146 0
1376105982 178.852 0
1376106012 159.466 0
1376106042 172.444 0
1376106072 170.451 0
1376106102 165.247 0
1376106132 165.249 0
1376106162 164.804 0
1376106192 163.873 0
1376106222 160.317 0
1376106252 164.052 0
1376106282 160.420 0
1376106312 175.031 0
1376106342 172.736 0
1376106372 173.517 0
1376106402 167.895 0
1376106432 164.026 0
1376106462 170.794 0
1376106492 173.007 0
1376106522 167.500 0
1376106552 165.077 0
1376106582 175.130 0
1376106612 159.772 0
1376106642 171.386 0
1376106672 163.720 0
1376106702 167.460 0
1376106732 165.382 0
1376106762 168.578 0
1376106792 165.230 0
1376106822 178.982 0
1376106852 179.001 0
1376106882 175.078 0
1376106912 179.174 0
1376106942 160.401 0
1376106972 175.138 0
1376107002 167.957 0
1376107032 164.936 0
1376107062 172.850 0
1376107092 173.511 0
1376107122 172.585 0
1376107152 164.807 0
1376107182 168.648 0
1376107212 179.531 0
1376107242 171.430 0
1376107272 169.104 0
1376107302 178.456 0
1376107332 175.067 0
1376107362 174.742 0
1376107392 175.137 0
1376107422 179.243 0
1376107452 164.634 0
1376107482 164.780 0
1376107512 164.757 0
1376107542 174.273 0
1376107572 171.363 0
1376107602 173.208 0
1376107632 175.537 0
1376107662 178.913 0
1376107692 163.530 0
1376107722 174.317 0
1376107752 165.132 0
1376107782 172.680 0
1376107812 171.271 0
1376107842 171.575 0
1376107872 159.480 0
1376107902 172.359 0
1376107932 159.546 0
1376107962 164.234 0
1376107992 251.724 0
1376108022 165.164 0
1376108052 281.994 0
1376108082 215.355 0
1376108112 179.778 0
1376108142 174.358 0
1376108172 171.340 0
1376108202 173.068 0
1376108232 173.342 0
1376108262 174.906 0
1376108292 168.447 0
1376108322 167.499 0
1376108352 160.427 0
1376108382 165.204 0
1376108412 175.288 0
1376108442 165.312 0
1376108472 174.906 0
1376108502 164.067 0
1376108532 172.609 0
1376108562 164.792 0
1376108592 173.918 0
1376108622 173.804 0
1376108652 174.503 0
1376108682 174.309 0
1376108712 168.435 0
1376108742 165.035 0
1376108772 174.347 0
1376108802 174.967 0
1376108832 160.542 0
1376108862 160.545 0
1376108892 167.759 0
1376108922 160.431 0
1376108952 178.636 0
1376108982 160.424 0
1376109012 173.896 0
1376109042 175.082 0
1376109072 167.881 0
1376109102 174.449 0
1376109132 163.503 0
1376109162 165.026 0
1376109192 167.851 0
1376109222 160.947 0
1376109252 160.221 0
1376109282 173.988 0
1376109312 160.144 0
1376109342 175.142 0
1376109372 163.760 0
1376109402 165.204 0
1376109432 159.819 61
1376109462 171.848 0
1376109492 165.247 60
1376109522 169.065 0
1376109552 160.337 0
1376109582 168.563 0
1376109612 160.321 0
1376109642 175.022 0
1376109672 168.804 0
1376109702 164.108 0
1376109732 173.043 0
1376109762 173.969 0
1376109792 164.799 0
1376109822 165.214 0
1376109852 173.997 0
1376109882 175.066 0
1376109912 172.820 0
1376109942 168.442 0
1376109972 173.818 0
1376110002 171.450 0
1376110032 172.900 0
1376110062 179.025 0
1376110092 175.626 0
1376110122 173.756 0
1376110152 160.346 0
1376110182 174.947 0
1376110212 163.950 0
1376110242 173.953 0
1376110272 171.097 0
1376110302 172.823 0
1376110332 172.793 0
1376110362 171.133 0
1376110392 175.395 0
1376110422 169.010 0
1376110452 174.764 0
1376110482 171.906 0
1376110512 174.825 0
1376110542 171.289 0
1376110572 171.186 0
1376110602 179.019 0
1376110632 174.685 0
1376110662 165.343 0
1376110692 175.419 0
1376110722 170.906 0
1376110752 175.510 0
1376110782 160.552 0
1376110812 171.272 0
1376110842 174.856 0
1376110872 174.275 0
1376110902 185.846 0
1376110932 171.118 0
1376110962 170.637 62
1376110992 178.825 0
1376111022 173.682 61
1376111052 172.135 0
1376111082 169.281 0
1376111112 174.090 0
1376111142 160.222 0
1376111172 174.152 0
1376111202 172.636 0
1376111232 174.191 0
1376111262 172.833 0
1376111292 164.161 0
1376111322 164.978 0
1376111352 172.062 0
1376111382 181.850 0
1376111412 170.971 0
1376111442 175.164 0
1376111472 181.570 0
1376111502 174.220 0
1376111532 179.698 0
1376111562 193.803 0
1376111592 186.002 0
1376111622 171.813 0
1376111652 179.174 0
1376111682 164.696 0
1376111712 174.124 0
1376111742 170.651 0
1376111772 178.236 0
1376111802 171.762 0
1376111832 173.417 0
1376111862 160.806 0
1376111892 160.089 0
1376111922 160.473 0
1376111952 174.885 0
1376111982 171.205 0
1376112012 175.349 0
1376112042 173.632 0
1376112072 172.942 0
1376112102 179.497 0
1376112132 163.279 0
1376112162 173.927 0
1376112192 170.985 0
1376112222 174.472 0
1376112252 171.395 0
1376112282 175.269 0
1376112312 178.399 0
1376112342 174.132 0
