1376105172 3.959 0
1376105202 3.669 0
1376105232 3.779 0
1376105262 3.244 0
1376105292 3.758 0
1376105322 3.512 0
1376105352 3.661 0
1376105382 3.369 0
1376105412 3.928 0
1376105442 2.825 0
1376105472 5.698 60
1376105502 3.827 0
1376105532 4.205 0
1376105562 3.511 0
1376105592 3.642 0
1376105622 3.449 0
1376105652 3.184 0
1376105682 3.160 0
1376105712 3.691 60
1376105742 3.527 0
1376105772 3.632 0
1376105802 3.488 0
1376105832 3.718 0
1376105862 3.300 0
1376105892 3.796 0
1376105922 3.541 0
1376105952 3.728 0
1376105982 3.442 0
1376106012 3.514 0
1376106042 3.796 0
1376106072 3.675 60
1376106102 3.263 0
1376106132 3.708 0
1376106162 3.307 0
1376106192 3.511 0
1376106222 3.175 0
1376106252 3.680 0
1376106282 3.545 0
1376106312 4.235 -60
1376106342 3.228 0
1376106372 3.701 0
1376106402 3.048 0
1376106432 3.835 0
1376106462 3.232 0
1376106492 3.621 0
1376106522 3.384 0
1376106552 3.386 61
1376106582 3.411 0
1376106612 3.864 0
1376106642 3.139 0
1376106672 3.273 0
1376106702 3.440 0
1376106732 3.693 0
1376106762 3.576 0
1376106792 3.914 0
1376106822 3.468 0
1376106852 3.387 -60
1376106882 3.416 0
1376106912 3.358 0
1376106942 3.797 0
1376106972 3.594 0
1376107002 3.916 0
1376107032 3.411 62
1376107062 3.676 0
1376107092 3.409 61
1376107122 3.868 0
1376107152 3.427 0
1376107182 3.633 0
1376107212 3.394 60
1376107242 3.835 0
1376107272 3.368 60
1376107302 3.765 0
1376107332 3.393 0
1376107362 3.673 0
1376107392 3.402 61
1376107422 3.663 0
1376107452 2.747 62
1376107482 3.572 0
1376107512 2.947 61
1376107542 3.843 0
1376107572 3.403 0
1376107602 3.187 0
1376107632 3.192 0
1376107662 3.525 0
1376107692 3.289 60
1376107722 4.098 0
1376107752 3.041 0
1376107782 3.647 0
1376107812 3.355 0
1376107842 5.430 0
1376107872 3.320 61
1376107902 3.453 0
1376107932 3.379 0
1376107962 4.063 0
1376107992 3.205 0
1376108022 3.774 0
1376108052 3.274 60
1376108082 4.077 0
1376108112 3.611 61
1376108142 3.564 0
1376108172 3.463 60
1376108202 3.897 0
1376108232 3.271 0
1376108262 3.740 0
1376108292 3.867 60
1376108322 3.753 0
1376108352 2.978 0
1376108382 4.022 0
1376108412 3.518 60
1376108442 3.896 0
1376108472 3.337 61
1376108502 4.074 0
1376108532 3.180 61
1376108562 3.690 0
1376108592 3.312 60
1376108622 4.178 0
1376108652 3.494 61
1376108682 3.727 0
1376108712 3.235 0
1376108742 3.513 0
1376108772 4.183 61
