1376105172 85.047 0
1376105202 84.660 0
1376105232 83.629 0
1376105262 84.179 0
1376105292 80.397 0
1376105322 84.098 0
1376105352 92.690 0
1376105382 83.737 0
1376105412 80.378 0
1376105442 83.900 0
1376105472 85.197 0
1376105502 83.732 0
1376105532 84.954 0
1376105562 83.799 0
1376105592 85.144 0
1376105622 85.000 0
1376105652 83.564 0
1376105682 85.139 0
1376105712 83.565 0
1376105742 80.594 0
1376105772 83.628 0
1376105802 80.234 0
1376105832 80.467 0
1376105862 80.318 0
1376105892 84.750 0
1376105922 84.964 0
1376105952 99.595 0
1376105982 80.185 0
1376106012 85.157 0
1376106042 85.040 0
1376106072 80.534 0
1376106102 83.670 0
1376106132 83.882 0
1376106162 83.894 0
1376106192 84.616 0
1376106222 80.360 0
1376106252 83.975 0
1376106282 83.924 0
1376106312 80.312 0
1376106342 83.708 0
1376106372 83.656 0
1376106402 80.224 0
1376106432 86.324 0
1376106462 109.871 0
1376106492 83.865 0
1376106522 80.282 0
1376106552 80.533 0
1376106582 85.776 0
1376106612 80.372 0
1376106642 80.699 0
1376106672 83.720 0
1376106702 85.443 0
1376106732 83.717 0
1376106762 83.581 0
1376106792 85.178 0
1376106822 83.482 0
1376106852 80.486 0
1376106882 85.788 0
1376106912 84.635 0
1376106942 85.059 0
1376106972 85.124 0
1376107002 80.835 0
1376107032 83.429 0
1376107062 80.360 0
1376107092 83.580 0
1376107122 84.911 0
1376107152 80.070 0
1376107182 83.713 0
1376107212 85.881 0
1376107242 83.805 0
1376107272 83.348 0
1376107302 85.956 0
1376107332 80.728 0
1376107362 84.906 0
1376107392 80.149 0
1376107422 83.984 0
1376107452 80.530 0
1376107482 84.089 0
1376107512 83.749 0
1376107542 80.491 0
1376107572 83.899 0
1376107602 86.061 0
1376107632 80.393 0
1376107662 83.602 0
1376107692 80.844 0
1376107722 80.533 0
1376107752 80.763 0
1376107782 85.117 0
1376107812 80.048 0
1376107842 81.827 0
1376107872 80.433 0
1376107902 83.830 0
1376107932 84.698 0
1376107962 86.249 0
1376107992 84.780 0
1376108022 84.334 0
1376108052 80.159 0
1376108082 85.762 0
1376108112 80.479 0
1376108142 80.363 0
1376108172 80.372 0
1376108202 101.744 0
1376108232 84.081 0
1376108262 80.335 0
1376108292 84.820 0
1376108322 80.248 0
1376108352 83.917 0
1376108382 83.915 0
1376108412 83.653 0
1376108442 80.533 0
1376108472 79.975 0
1376108502 80.406 0
1376108532 83.946 0
1376108562 83.922 0
1376108592 80.844 0
1376108622 83.844 0
1376108652 80.623 0
1376108682 83.733 0
1376108712 80.238 0
1376108742 80.424 0
