1376105172 21.796 0
1376105202 21.726 0
1376105232 21.741 0
1376105262 21.706 0
1376105292 22.253 0
1376105322 22.887 0
1376105352 21.976 0
1376105382 21.731 0
1376105412 22.264 0
1376105442 21.720 0
1376105472 21.833 0
1376105502 21.641 0
1376105532 21.861 0
1376105562 21.590 0
1376105592 22.406 0
1376105622 22.530 0
1376105652 21.597 0
1376105682 21.606 0
1376105712 21.767 0
1376105742 21.763 0
1376105772 21.909 0
1376105802 21.626 0
1376105832 21.363 0
1376105862 21.657 0
1376105892 21.669 0
1376105922 21.878 0
1376105952 21.628 0
1376105982 21.674 0
1376106012 21.649 0
1376106042 21.780 0
1376106072 21.718 0
1376106102 21.749 0
1376106132 21.519 0
1376106162 21.959 0
1376106192 21.545 0
1376106222 21.449 0
1376106252 21.601 0
1376106282 21.407 0
1376106312 21.836 0
1376106342 21.848 0
1376106372 30.220 0
1376106402 22.093 0
1376106432 21.792 0
1376106462 21.674 0
1376106492 21.683 0
1376106522 22.062 0
1376106552 21.590 0
1376106582 22.191 0
1376106612 21.535 0
1376106642 21.628 0
1376106672 21.631 0
1376106702 21.805 0
1376106732 21.764 0
1376106762 21.463 0
1376106792 44.840 0
1376106822 22.064 0
1376106852 21.847 0
1376106882 21.757 0
1376106912 21.701 0
1376106942 21.778 0
1376106972 21.856 0
1376107002 21.644 0
1376107032 21.674 0
1376107062 21.703 0
1376107092 21.978 0
1376107122 22.129 0
1376107152 22.075 0
1376107182 21.866 0
1376107212 33.096 0
1376107242 38.908 0
1376107272 21.784 0
1376107302 21.821 0
1376107332 21.622 0
1376107362 22.031 0
1376107392 21.689 0
1376107422 21.841 0
1376107452 21.457 0
1376107482 21.692 0
1376107512 21.749 0
1376107542 21.814 0
1376107572 22.220 0
1376107602 22.535 0
1376107632 21.970 0
1376107662 21.753 0
1376107692 21.835 0
1376107722 21.719 0
1376107752 21.562 0
1376107782 21.854 0
1376107812 21.997 0
1376107842 23.472 0
1376107872 21.645 0
1376107902 22.243 0
1376107932 22.078 0
1376107962 22.283 0
1376107992 21.912 0
1376108022 21.970 0
1376108052 21.995 0
1376108082 21.798 0
1376108112 21.692 0
1376108142 21.464 0
1376108172 22.388 0
1376108202 21.539 0
1376108232 22.362 0
1376108262 22.010 0
1376108292 22.387 0
1376108322 21.686 0
1376108352 21.542 0
1376108382 21.701 0
1376108412 21.711 0
1376108442 21.827 0
1376108472 21.733 0
1376108502 22.021 0
1376108532 21.786 0
1376108562 21.811 0
1376108592 21.742 0
1376108622 22.322 0
1376108652 21.692 0
1376108682 22.152 0
1376108712 21.478 0
1376108742 21.722 0
