1376105172 169.297 0
1376105202 27.933 0
1376105232 28.157 61
1376105262 136.051 0
1376105292 25.683 61
1376105322 27.761 61
1376105352 130.979 0
1376105382 27.997 0
1376105412 28.644 60
1376105442 129.943 0
1376105472 28.203 60
1376105502 27.998 60
1376105532 129.015 0
1376105562 27.924 0
1376105592 29.099 60
1376105622 134.370 0
1376105652 28.039 60
1376105682 28.288 60
1376105712 129.144 0
1376105742 25.602 0
1376105772 27.716 60
1376105802 130.161 0
1376105832 25.814 60
1376105862 28.298 60
1376105892 129.880 0
1376105922 28.137 0
1376105952 27.728 60
1376105982 129.985 0
1376106012 28.228 60
1376106042 27.960 60
1376106072 134.661 0
1376106102 27.940 0
1376106132 30.701 61
1376106162 138.858 0
1376106192 27.613 60
1376106222 29.387 60
1376106252 128.575 0
1376106282 25.096 0
1376106312 28.007 60
1376106342 132.196 0
1376106372 27.752 61
1376106402 28.179 61
1376106432 133.917 0
1376106462 28.262 0
1376106492 27.621 60
1376106522 130.513 0
1376106552 27.751 61
1376106582 27.905 61
1376106612 137.763 0
1376106642 28.229 0
1376106672 27.812 60
1376106702 127.011 0
1376106732 27.790 60
1376106762 27.184 60
1376106792 130.543 0
1376106822 25.690 0
1376106852 28.037 60
1376106882 131.950 0
1376106912 25.466 60
1376106942 27.914 60
1376106972 130.523 0
1376107002 27.772 0
1376107032 25.666 62
1376107062 131.537 0
1376107092 25.241 61
1376107122 28.649 61
1376107152 135.232 0
1376107182 28.289 0
1376107212 27.921 60
1376107242 128.857 0
1376107272 27.340 60
1376107302 27.663 60
1376107332 132.847 0
1376107362 25.493 0
1376107392 28.242 61
1376107422 134.340 0
1376107452 25.394 62
1376107482 25.243 62
1376107512 130.882 0
1376107542 27.641 0
1376107572 26.096 60
1376107602 218.834 0
1376107632 137.123 0
1376107662 30.800 0
1376107692 27.939 60
1376107722 131.497 0
1376107752 25.800 60
1376107782 25.499 60
1376107812 126.725 0
1376107842 27.708 0
1376107872 27.734 61
1376107902 135.921 0
1376107932 27.874 60
1376107962 27.518 60
1376107992 133.591 0
1376108022 28.242 0
1376108052 28.245 60
1376108082 136.532 0
1376108112 27.939 61
1376108142 27.749 61
1376108172 131.885 0
1376108202 25.227 0
1376108232 25.714 60
1376108262 135.660 0
1376108292 28.366 60
1376108322 28.299 60
1376108352 135.517 0
1376108382 28.083 0
1376108412 28.010 60
1376108442 131.059 0
1376108472 31.616 61
1376108502 27.109 61
1376108532 128.608 0
1376108562 25.567 0
1376108592 28.957 60
1376108622 132.384 0
1376108652 27.445 61
1376108682 27.974 61
1376108712 134.477 0
1376108742 30.025 0
